   0.0000000             NaN             NaN
   0.0005556           1.372         153.224
   0.0011111           0.056         180.933
   0.0016667           0.044         177.678
   0.0022222           0.037         166.214
   0.0027778           0.042         147.560
   0.0033333           0.087         123.143
   0.0038889           1.911          78.657
   0.0044444           0.121        -100.755
   0.0050000           0.023        -134.927
   0.0055556           0.011        -169.956
   0.0061111           0.008         150.001
   0.0066667           0.007          99.285
   0.0072222           0.005          32.501
   0.0077778           0.001         -34.344
   0.0083333           0.000           0.000
