   0.0000000             NaN             NaN
   0.0005556           0.349         103.296
   0.0011111           0.069         178.066
   0.0016667           0.028        -159.409
   0.0022222           0.017        -118.301
   0.0027778           0.015         -63.397
   0.0033333           0.015           5.738
   0.0038889           0.012          86.152
   0.0044444           0.007         168.669
   0.0050000           0.004        -109.631
   0.0055556           0.002         -24.039
   0.0061111           0.001          75.680
   0.0066667           0.000        -144.913
   0.0072222           0.000         -12.412
   0.0077778           0.001          87.976
   0.0083333           0.001         180.000
