   0.0000000             NaN             NaN
   0.0005556           0.829          40.786
   0.0011111           0.588          80.401
   0.0016667           0.517         130.829
   0.0022222           0.958        -171.841
   0.0027778           2.672        -135.092
   0.0033333           4.679        -119.392
   0.0038889           3.614        -105.069
   0.0044444           2.243         -71.736
   0.0050000           1.787         -34.104
   0.0055556           1.294           5.261
   0.0061111           1.921          50.056
   0.0066667           2.960          51.903
   0.0072222           1.262          88.168
   0.0077778           1.084         133.938
   0.0083333           0.957         180.000
