   0.0000000             NaN             NaN
   0.0005556           0.448           6.224
   0.0011111           1.289          -1.489
   0.0016667         137.611           1.411
   0.0022222           2.877           9.712
   0.0027778           5.076          13.504
   0.0033333          30.877         -80.089
   0.0038889           2.038        -152.442
   0.0044444           0.115        -117.712
   0.0050000           3.212        -164.333
   0.0055556           0.007         -38.842
   0.0061111           8.518          21.671
   0.0066667           1.029          78.710
   0.0072222           0.098         -32.167
   0.0077778          33.177          38.896
   0.0083333           2.565         180.000
