   0.0000000             NaN             NaN
   0.0005556           0.247         175.253
   0.0011111           0.132         180.000
   0.0016667           0.132         180.000
   0.0022222           0.132         180.000
   0.0027778           0.132         180.000
   0.0033333           0.132        -179.999
   0.0038889           0.132        -179.999
   0.0044444           0.132        -180.002
   0.0050000           0.132        -179.996
   0.0055556           0.132         179.997
   0.0061111           0.132         179.999
   0.0066667           0.132         180.019
   0.0072222           0.132         179.981
   0.0077778           0.132        -179.960
   0.0083333           0.132        -539.836
