   0.0000000             NaN             NaN
   0.0005556           0.227          69.770
   0.0011111          68.425          -1.177
   0.0016667         173.029         -15.155
   0.0022222        1269.288         -44.095
   0.0027778        1299.506          82.387
   0.0033333          75.724          26.075
   0.0038889          16.336         -53.473
   0.0044444          10.640        -143.447
   0.0050000          11.976         138.945
   0.0055556          12.985          67.833
   0.0061111          12.778          -5.024
   0.0066667          12.452         -84.476
   0.0072222          13.692        -171.935
   0.0077778          16.985          95.223
   0.0083333          19.160           0.000
