   0.0000000             NaN             NaN
   0.0005556           4.000         -68.667
   0.0011111        4615.855         156.149
   0.0016667       94051.784          47.970
   0.0022222     1071946.948         -75.936
   0.0027778     1480818.661         146.072
   0.0033333     2232855.678         -30.226
   0.0038889    13291338.517        -160.076
   0.0044444    37832329.796          85.498
   0.0050000    32249337.382         -29.810
   0.0055556     2854564.690        -137.180
   0.0061111    38069525.430         -76.639
   0.0066667   162103709.212         137.724
   0.0072222    74979730.510         -51.466
   0.0077778   182093441.004          80.098
   0.0083333   289187872.573         211.638
