   0.0000000             NaN             NaN
   0.0005556           0.230           4.077
   0.0011111           0.571         -37.794
   0.0016667           0.303         -57.976
   0.0022222           0.543         -39.359
   0.0027778           2.273          76.750
   0.0033333           0.427         174.945
   0.0038889           0.504        -119.574
   0.0044444           2.687           1.145
   0.0050000           0.268          93.874
   0.0055556           0.440         158.523
   0.0061111           0.177         -94.323
   0.0066667           0.065          50.522
   0.0072222           0.071         158.170
   0.0077778           0.109        -113.282
   0.0083333           0.077           0.000
