   0.0000000             NaN             NaN
   0.0005556         180.557           6.173
   0.0011111         404.003        -176.689
   0.0016667         261.903        -169.499
   0.0022222          54.051        -160.911
   0.0027778          60.465          41.013
   0.0033333         879.413          53.126
   0.0038889        3392.247          69.106
   0.0044444        8628.540          86.628
   0.0050000       17587.287         105.469
   0.0055556       31362.867         125.486
   0.0061111       51903.055         147.491
   0.0066667       86136.908         171.932
   0.0072222      162339.601        -159.898
   0.0077778      526021.262        -127.262
   0.0083333   468159769.000           0.000
