   0.0000000             NaN             NaN
   0.0005556           0.564          -3.687
   0.0011111           0.302         -34.184
   0.0016667           0.361         -22.403
   0.0022222           2.231          63.947
   0.0027778           0.797          90.846
   0.0033333          18.114         107.699
   0.0038889           7.379         -54.728
   0.0044444           5.119         -32.851
   0.0050000           4.318           2.411
   0.0055556           5.466          19.689
   0.0061111           0.939          28.659
   0.0066667           0.122        -127.877
   0.0072222           8.624         -78.036
   0.0077778           2.635         166.051
   0.0083333           1.406         180.000
