   0.0000000             NaN             NaN
   0.0005556           2.467         -13.383
   0.0011111           1.212          61.367
   0.0016667           0.672        -162.140
   0.0022222           0.506        -130.561
   0.0027778           0.999         -78.901
   0.0033333           1.566         117.578
   0.0038889           5.751          21.638
   0.0044444           2.707          56.322
   0.0050000           0.667         129.936
   0.0055556           0.066         163.019
   0.0061111           0.104        -130.579
   0.0066667           0.182         -59.935
   0.0072222           7.717         -86.159
   0.0077778           0.294          57.967
   0.0083333           0.163           0.000
