   0.0000000             NaN             NaN
   0.0005556           1.181        -154.028
   0.0011111           1.434           0.000
   0.0016667           1.434          -0.000
   0.0022222           1.434           0.001
   0.0027778           1.434          -0.001
   0.0033333           1.434          -0.003
   0.0038889           1.434          -0.003
   0.0044444           1.434           0.000
   0.0050000           1.434           0.015
   0.0055556           1.433          -0.016
   0.0061111           1.434           0.008
   0.0066667           1.433           0.032
   0.0072222           1.435           0.000
   0.0077778           1.438          -0.054
   0.0083333           0.000           0.000
