   0.0000000             NaN             NaN
   0.0005556           0.008        -116.308
   0.0011111           0.018         145.968
   0.0016667           0.012          22.788
   0.0022222           0.001         156.824
   0.0027778           0.006          33.249
   0.0033333           0.009         -20.719
   0.0038889           0.009         -65.333
   0.0044444           0.010         -94.025
   0.0050000           0.012        -160.715
   0.0055556           0.001          84.993
   0.0061111           0.004        -144.934
   0.0066667           0.015         178.119
   0.0072222           0.075         130.190
   0.0077778           0.136          78.837
   0.0083333           0.269           0.000
