   0.0000000             NaN             NaN
   0.0005556           0.024        -142.391
   0.0011111           1.579          -0.933
   0.0016667           1.987           2.321
   0.0022222           2.360          13.788
   0.0027778           2.080          32.439
   0.0033333           1.002          56.841
   0.0038889           0.046         101.335
   0.0044444           0.728         -79.231
   0.0050000           3.727         -45.033
   0.0055556           7.853         -10.071
   0.0061111          10.781          29.977
   0.0066667          11.949          80.807
   0.0072222          18.663         147.499
   0.0077778          87.469        -145.936
   0.0083333     2297777.288           0.000
