   0.0000000             NaN             NaN
   0.0005556           0.276         -10.705
   0.0011111           0.935          23.074
   0.0016667          78.331         142.789
   0.0022222         576.662         -82.766
   0.0027778        3080.404          61.121
   0.0033333        9391.038        -126.876
   0.0038889       78672.910          58.451
   0.0044444      125970.801        -123.800
   0.0050000        3280.383          61.281
   0.0055556       14713.252          15.895
   0.0061111       51419.086          28.926
   0.0066667     1367901.022         174.556
   0.0072222     3587536.799         -26.406
   0.0077778     1421728.818        -165.326
   0.0083333     -743689.348        -304.222
