   0.0000000             NaN             NaN
   0.0005556           0.322         169.321
   0.0011111           0.015         180.000
   0.0016667           0.015         179.999
   0.0022222           0.015         180.000
   0.0027778           0.015         180.000
   0.0033333           0.015         179.987
   0.0038889           0.015         179.990
   0.0044444           0.015         180.000
   0.0050000           0.015        -179.952
   0.0055556           0.015        -179.995
   0.0061111           0.015        -180.054
   0.0066667           0.015        -179.940
   0.0072222           0.015        -180.000
   0.0077778           0.016         179.596
   0.0083333           0.016         179.192
