   0.0000000             NaN             NaN
   0.0005556           0.003        -155.616
   0.0011111           0.002         107.348
   0.0016667           0.000         -59.097
   0.0022222           0.001         173.832
   0.0027778           0.003          90.896
   0.0033333           0.004          26.202
   0.0038889           0.002         -66.803
   0.0044444           0.003         142.302
   0.0050000           0.002          50.594
   0.0055556           0.001        -148.182
   0.0061111           0.004         170.333
   0.0066667           0.004          95.381
   0.0072222           0.001        -178.487
   0.0077778           0.000         -37.676
   0.0083333           0.013         180.000
