   0.0000000             NaN             NaN
   0.0005556           9.882         160.141
   0.0011111           2.832           0.000
   0.0016667           2.832           0.001
   0.0022222           2.832           0.000
   0.0027778           2.833           0.000
   0.0033333           2.832           0.000
   0.0038889           2.833           0.000
   0.0044444           2.833           0.000
   0.0050000           2.833           0.000
   0.0055556           2.830           0.000
   0.0061111           2.831           0.000
   0.0066667           2.832           0.000
   0.0072222           2.840           0.000
   0.0077778           2.854           0.000
   0.0083333           2.868           0.000
