   0.0000000             NaN             NaN
   0.0005556           1.339          77.110
   0.0011111           3.710         -96.265
   0.0016667           8.152         -63.759
   0.0022222          30.462         -73.992
   0.0027778          25.707         -53.966
   0.0033333          42.697        -109.328
   0.0038889         183.168        -135.947
   0.0044444         141.455        -122.353
   0.0050000          40.368         -51.950
   0.0055556          49.633         -32.290
   0.0061111          41.150        -138.581
   0.0066667          70.829         158.900
   0.0072222          28.317          81.517
   0.0077778          12.118           8.270
   0.0083333           2.666           0.000
