   0.0000000             NaN             NaN
   0.0005556           0.198          19.233
   0.0011111           0.244          38.653
   0.0016667           0.529          44.434
   0.0022222           0.942          50.896
   0.0027778           0.828          67.536
   0.0033333           0.565          85.769
   0.0038889           0.389         102.292
   0.0044444           0.213         126.425
   0.0050000           0.101         157.025
   0.0055556           0.065        -160.753
   0.0061111           0.021         120.987
   0.0066667           4.771         -24.395
   0.0072222           1.218          14.224
   0.0077778           1.581          95.674
   0.0083333           1.948         180.000
