   0.0000000             NaN             NaN
   0.0005556           0.067          98.554
   0.0011111           0.001        -142.429
   0.0016667           0.000         102.182
   0.0022222           0.000         -11.492
   0.0027778           0.000        -121.613
   0.0033333           0.000         131.613
   0.0038889           0.000          26.495
   0.0044444           0.000         -80.975
   0.0050000           0.000         125.325
   0.0055556           0.000         -68.190
   0.0061111           0.000        -175.591
   0.0066667           0.000          84.095
   0.0072222           0.000         -12.264
   0.0077778           0.000        -101.523
   0.0083333           0.000         180.000
