   0.0000000             NaN             NaN
   0.0005556           5.624        -156.085
   0.0011111           2.388         146.110
   0.0016667           3.166         176.463
   0.0022222           0.785         179.374
   0.0027778           0.396        -147.719
   0.0033333           0.136         -90.965
   0.0038889           2.538         -49.315
   0.0044444           1.720          29.785
   0.0050000           1.125         105.598
   0.0055556           1.672        -150.564
   0.0061111           0.231         152.659
   0.0066667           0.225         150.425
   0.0072222           2.266        -103.037
   0.0077778           2.320          -3.606
   0.0083333           0.020           0.000
