   0.0000000             NaN             NaN
   0.0005556           0.097          -8.165
   0.0011111        1346.791           0.000
   0.0016667        1347.490           0.043
   0.0022222        1349.596           0.000
   0.0027778        1341.046           0.000
   0.0033333        1341.635          -0.379
   0.0038889        1380.284           0.000
   0.0044444        1388.419           0.955
   0.0050000        1305.566           1.364
   0.0055556        1309.382          -1.975
   0.0061111        1321.322           0.000
   0.0066667        1414.917           0.000
   0.0072222        1425.062           0.000
   0.0077778        1219.765         -14.036
   0.0083333        1014.504         -28.070
