   0.0000000             NaN             NaN
   0.0005556           3.109          11.533
   0.0011111           0.002         -17.687
   0.0016667           0.000        -109.590
   0.0022222           0.000         153.150
   0.0027778           0.000          51.678
   0.0033333           0.000         -86.667
   0.0038889           0.000         107.019
   0.0044444           0.000          -6.308
   0.0050000           0.000        -118.099
   0.0055556           0.000         121.501
   0.0061111           0.000          -3.797
   0.0066667           0.000        -129.806
   0.0072222           0.000         109.640
   0.0077778           0.000           4.576
   0.0083333           0.000         180.000
