   0.0000000             NaN             NaN
   0.0005556           3.998          -1.099
   0.0011111           2.481          39.281
   0.0016667           0.922         -94.895
   0.0022222           0.889        -136.172
   0.0027778           0.635         151.970
   0.0033333           0.327         -80.970
   0.0038889           2.721         -53.396
   0.0044444           0.043          -1.761
   0.0050000           0.047        -104.612
   0.0055556          14.808         145.347
   0.0061111           0.427         -11.335
   0.0066667           1.849         -43.389
   0.0072222           1.583         -47.819
   0.0077778           3.049        -177.633
   0.0083333          11.378        -180.000
