   0.0000000             NaN             NaN
   0.0005556           8.667         172.967
   0.0011111        1626.532        -162.313
   0.0016667       21139.525         -70.411
   0.0022222       93504.289          26.848
   0.0027778      142261.348         128.322
   0.0033333       70228.939         -93.328
   0.0038889      342277.846          73.004
   0.0044444     1268322.902        -173.692
   0.0050000     2077631.022         -61.971
   0.0055556     2577104.882          58.574
   0.0061111     3472188.209        -176.203
   0.0066667     5638900.748         -50.194
   0.0072222    14637716.329          70.273
   0.0077778    72274028.065         175.605
   0.00833332285781134400.000           0.000
