   0.0000000             NaN             NaN
   0.0005556           1.823         -15.403
   0.0011111           1.005          18.016
   0.0016667           6.328          37.045
   0.0022222          17.505          49.252
   0.0027778           3.208          15.605
   0.0033333           1.437           4.818
   0.0038889           0.502          35.206
   0.0044444           0.152          -1.146
   0.0050000           2.965         -34.547
   0.0055556          67.468        -181.037
   0.0061111           4.455        -144.888
   0.0066667           1.915         -76.670
   0.0072222           0.138         -38.755
   0.0077778           0.084          11.979
   0.0083333           0.460           0.000
