   0.0000000             NaN             NaN
   0.0005556           1.605           5.611
   0.0011111           5.815          31.229
   0.0016667           0.499        -123.926
   0.0022222           0.036        -121.683
   0.0027778           0.840         -91.969
   0.0033333           9.073        -103.745
   0.0038889           8.664        -107.948
   0.0044444         103.191         -42.271
   0.0050000          18.632          17.742
   0.0055556           0.134        -177.560
   0.0061111           0.296        -157.907
   0.0066667           0.092         171.226
   0.0072222           2.655         166.867
   0.0077778           2.329         -69.575
   0.0083333           0.254           0.000
