   0.0000000             NaN             NaN
   0.0005556           1.630           0.800
   0.0011111           1.522           9.388
   0.0016667           0.954          -1.851
   0.0022222           0.669         -98.525
   0.0027778           8.987         -31.639
   0.0033333           0.096          27.182
   0.0038889           0.260         -91.140
   0.0044444           1.692         -74.016
   0.0050000           1.102        -109.671
   0.0055556           0.413         -57.888
   0.0061111           0.617           9.550
   0.0066667           0.295         -32.766
   0.0072222           0.034         -45.196
   0.0077778           0.209          78.338
   0.0083333           2.135           0.000
