   0.0000000             NaN             NaN
   0.0005556           1.142          26.923
   0.0011111           2.499          74.589
   0.0016667           2.168          93.188
   0.0022222           1.685         169.455
   0.0027778           1.397        -128.093
   0.0033333           2.033        -123.766
   0.0038889           1.424         -93.271
   0.0044444           2.059         -65.336
   0.0050000          14.189         -73.516
   0.0055556          19.882         -68.536
   0.0061111         205.133          21.005
   0.0066667           7.725          98.265
   0.0072222           0.729         169.791
   0.0077778           0.652         133.957
   0.0083333           0.274         180.000
