   0.0000000             NaN             NaN
   0.0005556          54.849         -58.162
   0.0011111       24917.973         -38.127
   0.0016667      367355.221          77.389
   0.0022222     2081152.462        -165.794
   0.0027778     7567499.895         -48.433
   0.0033333    20993022.022          69.071
   0.0038889    48137441.146        -173.147
   0.0044444    96368886.066         -54.812
   0.0050000   175404646.834          64.237
   0.0055556   300729047.674        -175.774
   0.0061111   506960192.019         -54.432
   0.0066667   901116179.311          68.651
   0.0072222  1926996194.579        -166.161
   0.0077778  7264283719.057         -38.892
   0.00833332753690169628226.000         180.000
