   0.0000000             NaN             NaN
   0.0005556           9.818        -107.632
   0.0011111           2.216         -52.630
   0.0016667           4.699         -73.189
   0.0022222           6.710         -92.742
   0.0027778           3.139        -125.556
   0.0033333           0.623        -147.280
   0.0038889           0.283         114.527
   0.0044444          18.391        -102.536
   0.0050000          10.521         -91.149
   0.0055556           5.335        -147.022
   0.0061111           3.118        -114.194
   0.0066667           2.269         -40.580
   0.0072222          11.092          14.501
   0.0077778          15.549          -1.559
   0.0083333          47.504           0.000
