   0.0000000             NaN             NaN
   0.0005556         144.627        -178.380
   0.0011111         180.555         138.566
   0.0016667       19083.457         177.339
   0.0022222      127102.828        -133.155
   0.0027778      565695.786         -29.639
   0.0033333      223638.220         -46.035
   0.0038889      787497.687        -142.598
   0.0044444     3650699.851        -108.168
   0.0050000     4966366.220         -74.709
   0.0055556     4019230.939         -47.637
   0.0061111     7452362.570         -20.550
   0.0066667      331360.459         -64.394
   0.0072222     2587516.026        -102.063
   0.0077778     4612568.308         -70.717
   0.0083333    10283751.281           0.000
