   0.0000000             NaN             NaN
   0.0005556           0.198         -88.145
   0.0011111           0.076         -50.557
   0.0016667           0.021           9.053
   0.0022222           0.013          55.422
   0.0027778           0.002         -38.524
   0.0033333           0.004         -42.084
   0.0038889           0.000         -56.171
   0.0044444           0.000        -104.705
   0.0050000           0.000        -155.622
   0.0055556           0.001        -149.854
   0.0061111           0.000        -112.019
   0.0066667           0.001        -157.143
   0.0072222           0.001        -105.328
   0.0077778           0.004          -8.290
   0.0083333           0.006           0.000
