   0.0000000             NaN             NaN
   0.0005556           2.558         -22.492
   0.0011111           4.040          14.806
   0.0016667           0.010          24.962
   0.0022222           0.890          16.107
   0.0027778           2.123          31.609
   0.0033333           1.228        -168.386
   0.0038889           4.458        -101.810
   0.0044444           4.198         -96.415
   0.0050000           1.300         -41.774
   0.0055556          49.056         -32.960
   0.0061111           3.206          57.260
   0.0066667           7.076           0.695
   0.0072222          26.262          -0.865
   0.0077778           0.842          -9.054
   0.0083333           4.553         180.000
