   0.0000000             NaN             NaN
   0.0005556           0.851          10.712
   0.0011111           1.033          11.125
   0.0016667           1.134          15.907
   0.0022222           1.483          34.775
   0.0027778           0.211          18.614
   0.0033333           0.675         -53.487
   0.0038889           0.721         -94.983
   0.0044444           0.584        -127.435
   0.0050000           2.141        -137.511
   0.0055556           1.582        -179.727
   0.0061111           5.527          91.983
   0.0066667          19.207          50.101
   0.0072222          45.894           7.930
   0.0077778          44.259         -85.925
   0.0083333          37.779         180.000
