   0.0000000             NaN             NaN
   0.0005556           0.276         -20.939
   0.0011111           0.000        -165.781
   0.0016667           0.000         167.706
   0.0022222           0.000        -167.095
   0.0027778           0.000         160.111
   0.0033333           0.000         188.377
   0.0038889           0.000         165.983
   0.0044444           0.000         177.293
   0.0050000           0.000         -85.077
   0.0055556           0.000         165.410
   0.0061111           0.000         -74.694
   0.0066667           0.000         141.617
   0.0072222           0.000         -81.297
   0.0077778           0.000         123.532
   0.0083333           0.000           0.000
