   0.0000000             NaN             NaN
   0.0005556           0.685          44.057
   0.0011111           2.394          16.641
   0.0016667           5.510         -76.301
   0.0022222           0.924        -146.260
   0.0027778           0.013         108.333
   0.0033333           0.092           6.290
   0.0038889           0.448         130.933
   0.0044444           0.286          66.294
   0.0050000           3.491         -66.214
   0.0055556           0.343         153.966
   0.0061111           0.188         127.834
   0.0066667           0.422          49.663
   0.0072222           0.006          -3.960
   0.0077778           0.138          89.632
   0.0083333           0.501           0.000
