   0.0000000             NaN             NaN
   0.0005556           2.168          18.600
   0.0011111           4.393          14.295
   0.0016667           2.058         -31.998
   0.0022222           0.405         -20.855
   0.0027778           2.354         -73.597
   0.0033333           4.617         133.770
   0.0038889           3.678         135.474
   0.0044444           0.734         175.670
   0.0050000           1.353        -139.158
   0.0055556          11.166        -173.674
   0.0061111           8.320          87.636
   0.0066667           6.784          29.659
   0.0072222          12.899          30.054
   0.0077778          12.549          81.298
   0.0083333           4.353         180.000
