   0.0000000             NaN             NaN
   0.0005556           0.387         -19.024
   0.0011111           0.806         173.547
   0.0016667           0.326         176.683
   0.0022222           0.128        -165.737
   0.0027778           0.060        -140.130
   0.0033333           0.033        -110.186
   0.0038889           0.021         -77.226
   0.0044444           0.015         -41.428
   0.0050000           0.011          -2.345
   0.0055556           0.008          40.621
   0.0061111           0.006          87.193
   0.0066667           0.003         135.311
   0.0072222           0.001        -177.773
   0.0077778           0.000        -133.041
   0.0083333           0.000         180.000
