   0.0000000             NaN             NaN
   0.0005556           0.211         175.061
   0.0011111           0.091         170.000
   0.0016667           0.036         156.262
   0.0022222           0.009         158.109
   0.0027778           0.002         172.446
   0.0033333           0.001        -167.080
   0.0038889           0.000        -143.380
   0.0044444           0.000        -117.706
   0.0050000           0.000         -90.634
   0.0055556           0.000         -62.447
   0.0061111           0.000         -33.304
   0.0066667           0.000          -3.328
   0.0072222           0.000          27.346
   0.0077778           0.000          58.535
   0.0083333           0.000           0.000
