   0.0000000             NaN             NaN
   0.0005556           3.364          -5.619
   0.0011111          24.458        -110.592
   0.0016667           2.386         -36.335
   0.0022222           0.293          20.544
   0.0027778           0.106          21.977
   0.0033333           0.042          99.758
   0.0038889           0.048        -177.608
   0.0044444           0.158        -139.393
   0.0050000           9.183        -111.133
   0.0055556           0.624         158.083
   0.0061111           0.217         109.809
   0.0066667           0.038        -171.883
   0.0072222           0.002        -137.636
   0.0077778           0.340          52.329
   0.0083333           0.251           0.000
