   0.0000000             NaN             NaN
   0.0005556         112.452          70.329
   0.0011111         131.259          11.584
   0.0016667         116.823         -57.834
   0.0022222         959.513        -119.208
   0.0027778        2696.674        -155.311
   0.0033333        6463.954          57.296
   0.0038889        1264.974        -107.176
   0.0044444         342.239         143.491
   0.0050000         272.922          39.505
   0.0055556         965.955         -73.270
   0.0061111         774.655          72.253
   0.0066667         125.501         -45.689
   0.0072222         262.921        -141.942
   0.0077778           4.546         114.819
   0.0083333           7.505           0.000
