   0.0000000             NaN             NaN
   0.0005556         726.607          85.548
   0.0011111         527.320           2.218
   0.0016667           6.407         -78.432
   0.0022222          19.788         169.744
   0.0027778          15.908         130.304
   0.0033333           6.673         -32.989
   0.0038889          18.753         -77.379
   0.0044444           1.155        -164.808
   0.0050000           2.178         -12.453
   0.0055556           3.028         -78.188
   0.0061111           0.186         145.240
   0.0066667          20.299          49.158
   0.0072222          35.093         100.781
   0.0077778           4.008         -85.793
   0.0083333          16.868         180.000
