   0.0000000             NaN             NaN
   0.0005556          29.086        -162.732
   0.0011111959353056230949.000         -90.000
   0.00166675989979833427.201         -71.565
   0.00222221911265470325.000         153.435
   0.0027778182583853640.385         -33.690
   0.0033333 29439510108.962         -78.691
   0.0038889  7130936257.195        -141.344
   0.0044444  9624068199.538         146.312
   0.0050000  2216732515.115          78.692
   0.0055556  2759352878.500         -18.436
   0.0061111 13216261525.000          89.996
   0.0066667   597869194.000          71.577
   0.0072222  1142563406.500          45.002
   0.0077778    14472972.361         -90.068
   0.0083333           0.000           0.000
