   0.0000000             NaN             NaN
   0.0005556           2.506         -47.059
   0.0011111           0.802         -54.269
   0.0016667          17.390        -125.819
   0.0022222           2.356        -168.128
   0.0027778           0.109        -185.096
   0.0033333           0.047          81.876
   0.0038889           0.410          24.754
   0.0044444           1.032          84.672
   0.0050000           0.778          95.662
   0.0055556           0.217        -105.015
   0.0061111          11.427         159.223
   0.0066667           0.715         164.349
   0.0072222           0.165          74.605
   0.0077778           0.100          54.437
   0.0083333           0.382           0.000
