   0.0000000             NaN             NaN
   0.0005556           1.584         -13.636
   0.0011111           0.749           1.172
   0.0016667           0.623         -34.168
   0.0022222           1.894         -10.072
   0.0027778           6.745         -23.740
   0.0033333           3.285         -58.980
   0.0038889           0.210         -47.570
   0.0044444           6.292          36.665
   0.0050000           1.855           5.513
   0.0055556          36.453         120.012
   0.0061111           0.094         -45.307
   0.0066667           1.586         -92.860
   0.0072222          44.918          93.866
   0.0077778           8.159         115.471
   0.0083333           5.921         180.000
