   0.0000000             NaN             NaN
   0.0005556           1.456           5.697
   0.0011111           1.230          58.795
   0.0016667           1.570          66.835
   0.0022222           3.664          38.050
   0.0027778           6.915          35.110
   0.0033333           4.616         153.456
   0.0038889           1.359        -133.215
   0.0044444           1.389         -78.101
   0.0050000           0.915        -133.854
   0.0055556           1.171         -41.586
   0.0061111           2.013          43.774
   0.0066667           0.988          55.153
   0.0072222           5.131          88.613
   0.0077778          12.274         140.799
   0.0083333           4.966         180.000
