   0.0000000             NaN             NaN
   0.0005556          29.925          12.643
   0.0011111           8.620         180.000
   0.0016667           8.620         180.000
   0.0022222           8.620         180.001
   0.0027778           8.619         180.000
   0.0033333           8.620         179.993
   0.0038889           8.625         180.000
   0.0044444           8.631         180.000
   0.0050000           8.609         180.026
   0.0055556           8.616         179.981
   0.0061111           8.616         179.973
   0.0066667           8.612         180.040
   0.0072222           8.646         180.000
   0.0077778           8.629         179.865
   0.0083333           8.612         179.729
