   0.0000000             NaN             NaN
   0.0005556           0.044        -105.187
   0.0011111           0.507         -95.399
   0.0016667           1.218         170.022
   0.0022222           0.359          -7.886
   0.0027778           2.283        -159.426
   0.0033333           1.282          55.425
   0.0038889           3.126        -128.569
   0.0044444           4.193          84.195
   0.0050000           6.446        -101.166
   0.0055556          19.178          95.064
   0.0061111          46.010         -95.983
   0.0066667         165.797          40.545
   0.0072222          64.101        -174.588
   0.0077778          37.396          -2.437
   0.0083333          29.707         180.000
