   0.0000000             NaN             NaN
   0.0005556           0.489          -5.008
   0.0011111           2.022         -55.880
   0.0016667           0.829         -83.143
   0.0022222           0.777          -4.629
   0.0027778           2.554           6.587
   0.0033333           4.207         -48.396
   0.0038889           0.763         -91.447
   0.0044444           0.067          13.008
   0.0050000           0.129           9.216
   0.0055556           1.741          45.342
   0.0061111           3.175          37.208
   0.0066667           2.846          53.720
   0.0072222           0.433          86.872
   0.0077778           0.336         148.821
   0.0083333           0.372         180.000
