   0.0000000             NaN             NaN
   0.0005556           5.902        -159.361
   0.0011111        6202.201        -112.057
   0.0016667       35617.391         120.671
   0.0022222      113669.426         -17.415
   0.0027778      312874.842        -154.135
   0.0033333      674413.304          69.389
   0.0038889     1354420.289         -68.738
   0.0044444     2579070.645         154.124
   0.0050000     4659688.063          16.399
   0.0055556     8538416.311        -121.375
   0.0061111    15949498.122         101.170
   0.0066667    32356673.741         -36.832
   0.0072222    80337337.044        -174.469
   0.0077778   335348190.716          48.322
   0.00833333763887125476.001           0.000
