   0.0000000             NaN             NaN
   0.0005556           8.644        -122.933
   0.0011111           6.052        -146.466
   0.0016667           0.470         -87.192
   0.0022222           0.162         -23.138
   0.0027778           0.121          52.887
   0.0033333           0.100         150.082
   0.0038889           0.044        -113.275
   0.0044444           0.022         -31.388
   0.0050000           0.017          49.301
   0.0055556           0.016         139.652
   0.0061111           0.012        -121.924
   0.0066667           0.007         -27.760
   0.0072222           0.004          65.818
   0.0077778           0.001         166.191
   0.0083333           0.000           0.000
