   0.0000000             NaN             NaN
   0.0005556           0.021         173.999
   0.0011111           0.080         180.000
   0.0016667           0.080         180.000
   0.0022222           0.080         180.000
   0.0027778           0.080         180.000
   0.0033333           0.080         180.000
   0.0038889           0.080         180.000
   0.0044444           0.080        -179.992
   0.0050000           0.080        -179.993
   0.0055556           0.080        -179.992
   0.0061111           0.080        -180.021
   0.0066667           0.080        -179.972
   0.0072222           0.080        -180.005
   0.0077778           0.080         179.693
   0.0083333           0.080         179.391
