   0.0000000             NaN             NaN
   0.0005556           0.101          -1.174
   0.0011111           0.069           0.000
   0.0016667           0.069          -0.000
   0.0022222           0.069           0.001
   0.0027778           0.069           0.000
   0.0033333           0.069           0.001
   0.0038889           0.069          -0.005
   0.0044444           0.069          -0.000
   0.0050000           0.069           0.012
   0.0055556           0.069           0.000
   0.0061111           0.069          -0.019
   0.0066667           0.069          -0.002
   0.0072222           0.069          -0.061
   0.0077778           0.069           0.200
   0.0083333           0.068           0.462
