   0.0000000             NaN             NaN
   0.0005556           0.044         -93.733
   0.0011111           0.001         -74.225
   0.0016667           0.001          34.648
   0.0022222           0.015        -149.499
   0.0027778           0.008         -14.459
   0.0033333           0.037         105.358
   0.0038889           0.037        -102.067
   0.0044444           0.066           8.939
   0.0050000           0.110         153.522
   0.0055556           0.110         -89.431
   0.0061111           0.186          41.632
   0.0066667           0.163         166.702
   0.0072222           0.213         -70.000
   0.0077778           0.204          56.567
   0.0083333           0.216         180.000
