   0.0000000             NaN             NaN
   0.0005556           6.010         -94.973
   0.0011111           0.003        -104.065
   0.0016667           0.000         131.380
   0.0022222           0.000           1.428
   0.0027778           0.000        -107.786
   0.0033333           0.000         149.831
   0.0038889           0.000          46.340
   0.0044444           0.000         -60.303
   0.0050000           0.000        -169.697
   0.0055556           0.000          79.319
   0.0061111           0.000         -30.972
   0.0066667           0.000        -137.038
   0.0072222           0.000         125.983
   0.0077778           0.000         178.257
   0.0083333           0.000           0.000
