   0.0000000             NaN             NaN
   0.0005556        1014.835         -53.296
   0.0011111       51318.040           0.625
   0.0016667      208889.184           4.808
   0.0022222      102919.216         -13.639
   0.0027778       46259.557         -84.170
   0.0033333       35287.353        -179.165
   0.0038889       61826.829          69.102
   0.0044444      396970.893         -66.338
   0.0050000      370064.184          89.156
   0.0055556      109361.837         -39.410
   0.0061111       81191.067        -159.027
   0.0066667      108544.389          72.662
   0.0072222      174891.366         -72.887
   0.0077778      166171.327         137.016
   0.0083333      142904.142           0.000
