   0.0000000             NaN             NaN
   0.0005556           6.147         151.807
   0.0011111           0.000          90.555
   0.0016667           0.000          71.993
   0.0022222           0.000        -156.149
   0.0027778           0.000          23.735
   0.0033333           0.000          58.003
   0.0038889           0.000         107.988
   0.0044444           0.000         169.477
   0.0050000           0.000         -88.244
   0.0055556           0.000          82.399
   0.0061111           0.000         -39.977
   0.0066667           0.000         -44.311
   0.0072222           0.000         -46.574
   0.0077778           0.000          50.325
   0.0083333           0.000         180.000
