   0.0000000             NaN             NaN
   0.0005556           0.000        -147.671
   0.0011111           0.000        -178.430
   0.0016667           0.000          63.112
   0.0022222           0.000         -28.748
   0.0027778           0.000        -174.789
   0.0033333           0.000        -170.309
   0.0038889           0.000          81.875
   0.0044444           0.000          -5.599
   0.0050000           0.000         101.179
   0.0055556           0.000           5.877
   0.0061111           0.000         -20.346
   0.0066667           0.000         -64.587
   0.0072222           0.000        -147.944
   0.0077778           0.000         -97.237
   0.0083333           0.000         180.000
