   0.0000000             NaN             NaN
   0.0005556           0.151         -76.430
   0.0011111           0.347         -55.865
   0.0016667           0.998         -30.479
   0.0022222          12.255         104.043
   0.0027778           0.648         105.879
   0.0033333           0.557          42.855
   0.0038889           0.229          -4.770
   0.0044444           0.080         -65.371
   0.0050000           0.086         -80.841
   0.0055556           3.124         -59.533
   0.0061111           1.885          55.913
   0.0066667           0.476         -43.761
   0.0072222           0.082        -101.713
   0.0077778           0.045        -133.832
   0.0083333           0.019         180.000
