   0.0000000             NaN             NaN
   0.0005556           0.992         -90.942
   0.0011111           0.007         -22.265
   0.0016667           0.005          93.545
   0.0022222           0.003        -164.387
   0.0027778           0.002         -30.243
   0.0033333           0.001          81.426
   0.0038889           0.001         166.287
   0.0044444           0.004         -98.721
   0.0050000           0.002         -13.865
   0.0055556           0.000          78.085
   0.0061111           0.000        -178.823
   0.0066667           0.000         -58.950
   0.0072222           0.000          27.170
   0.0077778           0.000          89.590
   0.0083333           0.000         180.000
