   0.0000000             NaN             NaN
   0.0005556           0.046        -179.127
   0.0011111           0.048         -87.034
   0.0016667           0.004        -125.112
   0.0022222           0.002         157.378
   0.0027778           0.000         115.951
   0.0033333           0.001          83.557
   0.0038889           0.001         152.787
   0.0044444           0.000        -163.216
   0.0050000           0.000        -145.360
   0.0055556           0.000        -150.083
   0.0061111           0.000        -158.729
   0.0066667           0.001         -83.562
   0.0072222           0.000        -159.132
   0.0077778           0.000         178.631
   0.0083333           0.000         180.000
