   0.0000000             NaN             NaN
   0.0005556           1.074        -178.718
   0.0011111           2.470        -173.547
   0.0016667           6.106        -176.683
   0.0022222          15.531         165.737
   0.0027778          33.370         140.132
   0.0033333          60.607         110.192
   0.0038889          95.742          77.236
   0.0044444         135.764          41.420
   0.0050000         180.212           2.324
   0.0055556         239.467         -40.621
   0.0061111         353.119         -87.167
   0.0066667         648.991        -135.349
   0.0072222        1617.882         177.834
   0.0077778        7193.223         133.131
   0.0083333       12767.560          88.437
