  0.000833397967652812  -30.457  -81.366
  0.00138897791755198  -80.7825  0
  0.00194448950622652  40.935  0
  0.00250001868552003  59.8725  0
  0.00305555912919268  14719755037.636  -39.3455
  0.0036111  18285223183.0785  -110.0175
  0.00416665  8377502228.3665  2.48400000000001
  0.0047222  5920400357.3265  112.502
  0.0052778  2488042696.8075  30.128
  0.00583335  7987807201.75  35.78
  0.0063889  6907065359.5  80.7865
  0.00694445  870216300.249998  58.2895
  0.0075  578518189.430498  -22.533
  0.00805555  7236486.18049812  -45.034
