  0.00083335  121.8555  40.9565
  0.0013889  124.041  -23.125
  0.00194445  538.168  -88.521
  0.0025  1828.0935  -137.2595
  0.00305555  4580.314  -49.0075
  0.0036111  3864.464  -24.94
  0.00416665  803.606500000001  18.1575
  0.0047222  307.580500000001  91.498
  0.0052778  619.438500000001  -16.8825
  0.00583335  870.305000000001  -0.508500000000019
  0.0063889  450.078000000001  13.282
  0.00694445  194.211000000001  -93.8155
  0.0075  133.733500000001  -13.5615
  0.00805555  6.02550000000059  57.4095
