  0.00083335  0.034  -21.9375
  0.0013889  0.0005  -20.1235
  0.00194445  4.33680868994202e-19  45.345
  0.0025  4.33680868994202e-19  -66.5525
  0.00305555  4.33680868994202e-19  4.99999999999999
  0.0036111  4.33680868994202e-19  79.054
  0.00416665  4.33680868994202e-19  -27.24
  0.0047222  4.33680868994202e-19  22.175
  0.0052778  4.33680868994202e-19  28.5675
  0.00583335  4.33680868994202e-19  -121.8905
  0.0063889  4.33680868994202e-19  -45.748
  0.00694445  4.33680868994202e-19  35.9155
  0.0075  4.33680868994202e-19  -56.8935
  0.00805555  4.33680868994202e-19  39.2385
