  0.00083335  1.5555  -3.077
  0.0013889  0.00099999999999989  -63.6385
  0.00194445  -1.10154940724527e-16  21.78
  0.0025  -1.10154940724527e-16  102.414
  0.00305555  -1.10154940724527e-16  -17.4945
  0.0036111  -1.10154940724527e-16  10.176
  0.00416665  -1.10154940724527e-16  50.3555
  0.0047222  -1.10154940724527e-16  -62.2035
  0.0052778  -1.10154940724527e-16  1.70100000000001
  0.00583335  -1.10154940724527e-16  58.852
  0.0063889  -1.10154940724527e-16  -66.8015
  0.00694445  -1.10154940724527e-16  -10.083
  0.0075  -1.10154940724527e-16  57.108
  0.00805555  -1.10154940724527e-16  92.288
