  0.00083335  0.137  -69.351
  0.0013889  0.0485  -20.752
  0.00194445  0.017  32.2375
  0.0025  0.00750000000000001  8.449
  0.00305555  0.00300000000000001  -40.304
  0.0036111  0.00200000000000001  -49.1275
  0.00416665  7.80625564189563e-18  -80.438
  0.0047222  7.80625564189563e-18  -130.1635
  0.0052778  0.000500000000000008  -152.738
  0.00583335  0.000500000000000008  -130.9365
  0.0063889  0.000500000000000008  -134.581
  0.00694445  0.00100000000000001  -131.2355
  0.0075  0.00250000000000001  -56.809
  0.00805555  0.00500000000000001  -4.145
