  0.00083335  7.348  -134.6995
  0.0013889  3.261  -116.829
  0.00194445  0.316  -55.165
  0.0025  0.1415  14.8745
  0.00305555  0.1105  101.4845
  0.0036111  0.0719999999999999  18.4035
  0.00416665  0.0329999999999999  -72.3315
  0.0047222  0.0194999999999999  8.9565
  0.0052778  0.0164999999999999  94.4765
  0.00583335  0.0139999999999999  8.86399999999999
  0.0063889  0.00949999999999989  -74.842
  0.00694445  0.00549999999999989  19.029
  0.0075  0.00249999999999989  116.0045
  0.00805555  0.000499999999999892  83.0955
