  0.00083335  3.0065  -99.519
  0.0013889  0.00150000000000006  13.6575
  0.00194445  5.68121938382404e-17  66.404
  0.0025  5.68121938382404e-17  -53.179
  0.00305555  5.68121938382404e-17  21.0225
  0.0036111  5.68121938382404e-17  98.0855
  0.00416665  5.68121938382404e-17  -6.9815
  0.0047222  5.68121938382404e-17  -115
  0.0052778  5.68121938382404e-17  -45.189
  0.00583335  5.68121938382404e-17  24.1735
  0.0063889  5.68121938382404e-17  -84.005
  0.00694445  5.68121938382404e-17  -5.5275
  0.0075  5.68121938382404e-17  152.12
  0.00805555  5.68121938382404e-17  89.1285
