  0.00083335  0.047  -133.0805
  0.0013889  0.026  -106.073
  0.00194445  0.003  16.133
  0.0025  0.001  136.6645
  0.00305555  0.000500000000000002  99.754
  0.0036111  0.001  118.172
  0.00416665  0.000500000000000002  -5.21450000000002
  0.0047222  1.73472347597681e-18  -154.288
  0.0052778  1.73472347597681e-18  -147.7215
  0.00583335  1.73472347597681e-18  -154.406
  0.0063889  0.000500000000000002  -121.1455
  0.00694445  0.000500000000000002  -121.347
  0.0075  1.73472347597681e-18  9.7495
  0.00805555  1.73472347597681e-18  179.3155
