  0.00083335  0.151  172.5305
  0.0013889  0.0635  163.131
  0.00194445  0.0225  157.1855
  0.0025  0.0055  165.2775
  0.00305555  0.0015  2.68300000000002
  0.0036111  0.000500000000000004  -155.23
  0.00416665  4.33680868994202e-18  -130.543
  0.0047222  4.33680868994202e-18  -104.17
  0.0052778  4.33680868994202e-18  -76.5405
  0.00583335  4.33680868994202e-18  -47.8755
  0.0063889  4.33680868994202e-18  -18.316
  0.00694445  4.33680868994202e-18  12.009
  0.0075  4.33680868994202e-18  42.9405
  0.00805555  4.33680868994202e-18  29.2675
