  0.00083335  626.9635  43.883
  0.0013889  266.8635  -38.107
  0.00194445  13.0975000000001  45.656
  0.0025  17.8480000000001  150.024
  0.00305555  11.2905000000001  48.6575
  0.0036111  12.7130000000001  -55.184
  0.00416665  9.95400000000008  -121.0935
  0.0047222  1.66650000000008  -88.6305
  0.0052778  2.60300000000008  -45.3205
  0.00583335  1.60700000000008  33.526
  0.0063889  10.2425000000001  97.199
  0.00694445  27.6960000000001  74.9695
  0.0075  19.5505000000001  7.49400000000001
  0.00805555  10.4380000000001  47.1035
