      0.0000000       6.8939810       0.0000000       6.8939810       0.0000000
      0.0005556      -3.5191166      -1.3416371       3.7661879    -159.1310120
      0.0011111       0.0789519       0.3115866       0.3214337      75.7812729
      0.0016667      -0.0136515       0.0628691       0.0643342     102.2511215
      0.0022222       0.0084370       0.0368233       0.0377775      77.0951004
      0.0027778      -0.0032225       0.0089075       0.0094725     109.8887177
      0.0033333       0.0017995       0.0128083       0.0129341      82.0027313
      0.0038889      -0.0003760       0.0015061       0.0015523     104.0180664
      0.0044444      -0.0001923       0.0062869       0.0062898      91.7522964
      0.0050000       0.0007607      -0.0000838       0.0007653      -6.2829957
      0.0055556      -0.0010263       0.0034504       0.0035999     106.5647964
      0.0061111       0.0012920      -0.0003536       0.0013395     -15.3074627
      0.0066667      -0.0014155       0.0017870       0.0022797     128.3832703
      0.0072222       0.0015385      -0.0002355       0.0015565      -8.7038918
      0.0077778      -0.0015747       0.0005575       0.0016705     160.5033264
      0.0083333       0.0016115      -0.0000000       0.0016115      -0.0000000
