      0.0000000       3.5734448       0.0000000       3.5734448       0.0000000
      0.0005556      -1.7867225       0.3862858       1.8280028     167.8005219
      0.0011111       0.0000000      -0.0858320       0.0858320     -89.9999771
      0.0016667       0.0000000      -0.0214473       0.0214473     -89.9999008
      0.0022222      -0.0000000      -0.0085665       0.0085665     -90.0002823
      0.0027778       0.0000001      -0.0042695       0.0042695     -89.9987335
      0.0033333       0.0000001      -0.0024243       0.0024243     -89.9968185
      0.0038889       0.0000001      -0.0014982       0.0014982     -89.9950867
      0.0044444      -0.0000000      -0.0009800       0.0009800     -90.0022736
      0.0050000      -0.0000001      -0.0006653       0.0006653     -90.0115509
      0.0055556      -0.0000000      -0.0004604       0.0004604     -90.0010834
      0.0061111       0.0000000      -0.0003186       0.0003186     -89.9926605
      0.0066667      -0.0000000      -0.0002142       0.0002142     -90.0090790
      0.0072222      -0.0000000      -0.0001324       0.0001324     -90.0019455
      0.0077778       0.0000001      -0.0000633       0.0000633     -89.9417801
      0.0083333      -0.0000001      -0.0000000       0.0000001    -180.0000000
