      0.0000000       1.7599514       0.0000000       1.7599514       0.0000000
      0.0005556       0.6581296       9.0429630       9.0668802      85.8374557
      0.0011111      -1.2547214      -7.6110954       7.7138252     -99.3612518
      0.0016667      -2.6678023       3.1598232       4.1354141     130.1740112
      0.0022222      11.3499689       6.5035801      13.0812216      29.8128891
      0.0027778      -6.4500203     -28.9640961      29.6735840    -102.5543518
      0.0033333     -10.2822838      25.0569248      27.0845871     112.3111267
      0.0038889       4.9442530      -1.0417584       5.0528107     -11.8982344
      0.0044444       7.0441971      -0.2414906       7.0483351      -1.9634563
      0.0050000      -5.4233170      -4.4898243       7.0406599    -140.3795166
      0.0055556       1.7959027       0.0316842       1.7961822       1.0107355
      0.0061111       1.4370544       1.5388240       2.1054938      46.9586449
      0.0066667      -5.1283894      -3.4995615       6.2086477    -145.6907501
      0.0072222      -1.3490510       8.1769390       8.2874765      99.3684006
      0.0077778       6.1244516      -6.0658951       8.6199760     -44.7247810
      0.0083333      -3.3566992      -0.0000000       3.3566992    -180.0000000
