      0.0000000       7.6891861       0.0000000       7.6891861       0.0000000
      0.0005556      -1.1748842       5.8332486       5.9503899     101.3876801
      0.0011111      -2.9442101      -6.1984200       6.8621268    -115.4074173
      0.0016667      -2.8672276       3.3448076       4.4055343     130.6037598
      0.0022222       7.6212978       4.7649584       8.9882708      32.0142860
      0.0027778       3.9971373     -16.5278473      17.0043182     -76.4044800
      0.0033333     -17.3804588       8.0655212      19.1607151     155.1060028
      0.0038889       7.5158648       2.8311887       8.0314293      20.6411400
      0.0044444       1.0514218       1.5993289       1.9139855      56.6785049
      0.0050000       0.3553979      -0.9838368       1.0460604     -70.1384201
      0.0055556       2.2659442      -3.9102931       4.5193911     -59.9084816
      0.0061111      -4.7492046       5.0016770       6.8972254     133.5167999
      0.0066667       4.4740167      -3.6203070       5.7552972     -38.9792633
      0.0072222      -3.1224737       0.4092429       3.1491780     172.5331573
      0.0077778       0.6824512       2.6724234       2.7581854      75.6746521
      0.0083333       0.8606722      -0.0000000       0.8606722      -0.0000000
