      0.0000000       3.9558377       0.0000000       3.9558377       0.0000000
      0.0005556      -1.9779189       0.0024016       1.9779203     179.9304199
      0.0011111       0.0000000      -0.0005336       0.0005336     -89.9995193
      0.0016667      -0.0000001      -0.0001333       0.0001333     -90.0361557
      0.0022222      -0.0000000      -0.0000532       0.0000532     -90.0142899
      0.0027778       0.0000000      -0.0000266       0.0000266     -89.9737244
      0.0033333       0.0000001      -0.0000151       0.0000151     -89.5419388
      0.0038889       0.0000000      -0.0000092       0.0000092     -89.6930466
      0.0044444      -0.0000001      -0.0000060       0.0000060     -90.7110901
      0.0050000      -0.0000001      -0.0000042       0.0000042     -91.6496506
      0.0055556       0.0000001      -0.0000029       0.0000029     -87.5444946
      0.0061111       0.0000000      -0.0000020       0.0000020     -89.1471786
      0.0066667      -0.0000000      -0.0000013       0.0000013     -91.9209824
      0.0072222      -0.0000000      -0.0000008       0.0000008     -92.7530594
      0.0077778       0.0000001      -0.0000004       0.0000004     -79.7121964
      0.0083333       0.0000000      -0.0000000       0.0000000      -0.0000000
