      0.0000000     -63.3570213       0.0000000      63.3570213     180.0000000
      0.0005556      35.3976250      28.2577000      45.2933693      38.6001434
      0.0011111      15.7191133     -21.6183739      26.7290974     -53.9784164
      0.0016667     -29.7117062      -9.9333677      31.3282185    -161.5139160
      0.0022222      12.2194519      13.5035334      18.2115459      47.8578072
      0.0027778      -5.7233534       1.3666279       5.8842540     166.5703125
      0.0033333       7.7515821      -6.3213444      10.0023203     -39.1969261
      0.0038889      -8.3297253       4.4785252       9.4573526     151.7350311
      0.0044444       0.0074494      -4.5033607       4.5033669     -89.9052124
      0.0050000       8.1514959      12.2473392      14.7120428      56.3533401
      0.0055556      -8.9156179      -8.3193808      12.1942749    -136.9813232
      0.0061111      12.0705070      -3.4533420      12.5547886     -15.9656925
      0.0066667      -6.5428901      11.3664637      13.1151018     119.9260635
      0.0072222      -2.3548181     -17.1844292      17.3450222     -97.8027573
      0.0077778       9.2906942      10.5230265      14.0374889      48.5589752
      0.0083333     -14.7026176      -0.0000000      14.7026176    -180.0000000
