      0.0000000       7.5238018       0.0000000       7.5238018       0.0000000
      0.0005556      -1.3093011       6.9302187       7.0528150     100.6985779
      0.0011111      -2.0642278      -3.8301680       4.3510027    -118.3219681
      0.0016667      -3.2359297       2.1085894       3.8623037     146.9110107
      0.0022222       5.3257246      -0.1307655       5.3273296      -1.4065324
      0.0027778      -1.9060059      -3.5694435       4.0464535    -118.1012421
      0.0033333       2.7919412       3.3327549       4.3476648      50.0461540
      0.0038889      -3.2956126      -7.1665277       7.8879771    -114.6958923
      0.0044444      -3.2966368       5.3229103       6.2610850     121.7711639
      0.0050000       1.7696823       2.4810178       3.0474949      54.5001602
      0.0055556       1.4045777      -2.8375399       3.1661446     -63.6646614
      0.0061111       1.6596422       2.1656032       2.7284153      52.5347061
      0.0066667      -2.9061897      -1.8264339       3.4324625    -147.8521271
      0.0072222       2.1101384      -0.1087991       2.1129415      -2.9515672
      0.0077778      -1.1264582       0.7582501       1.3578849     146.0544128
      0.0083333       0.6335075      -0.0000000       0.6335075      -0.0000000
