      0.0000000     -17.7482796       0.0000000      17.7482796     180.0000000
      0.0005556       8.8741407       1.0451586       8.9354763       6.7171097
      0.0011111       0.0000000      -0.2322325       0.2322325     -89.9999847
      0.0016667      -0.0000001      -0.0580289       0.0580289     -90.0001068
      0.0022222       0.0000001      -0.0231783       0.0231783     -89.9997025
      0.0027778      -0.0000000      -0.0115513       0.0115513     -90.0001373
      0.0033333      -0.0000005      -0.0065594       0.0065594     -90.0046844
      0.0038889      -0.0000000      -0.0040545       0.0040545     -90.0005951
      0.0044444       0.0000004      -0.0026524       0.0026524     -89.9905472
      0.0050000       0.0000000      -0.0017994       0.0017994     -89.9990997
      0.0055556       0.0000000      -0.0012457       0.0012457     -89.9993286
      0.0061111      -0.0000001      -0.0008623       0.0008623     -90.0045624
      0.0066667       0.0000004      -0.0005799       0.0005799     -89.9636459
      0.0072222       0.0000000      -0.0003584       0.0003584     -89.9931717
      0.0077778      -0.0000006      -0.0001715       0.0001715     -90.2036896
      0.0083333       0.0000000      -0.0000000       0.0000000      -0.0000000
