      0.0000000       9.2004738       0.0000000       9.2004738       0.0000000
      0.0005556      -1.1857306       7.1056323       7.2038856      99.4737549
      0.0011111      -1.6297363      -8.7649870       8.9152136    -100.5331192
      0.0016667      -5.0444560       1.4139717       5.2388787     164.3416901
      0.0022222       7.2942839       6.0955949       9.5059376      39.8843994
      0.0027778       2.2163332     -11.2083721      11.4253988     -78.8146744
      0.0033333     -14.7708044       2.2624915      14.9430761     171.2915039
      0.0038889       8.9618931       6.4330239      11.0317421      35.6715317
      0.0044444       2.1951454      -1.7541292       2.8099167     -38.6281662
      0.0050000      -4.2803926      -2.8989060       5.1696630    -145.8920746
      0.0055556      -0.1442350      -0.2601967       0.2974997    -119.0009460
      0.0061111      -0.2720152       6.8752503       6.8806291      92.2656860
      0.0066667       2.9781744      -3.9279802       4.9293561     -52.8307800
      0.0072222       1.2308577       0.1185622       1.2365547       5.5020308
      0.0077778      -2.8392899      -1.0224499       3.0177758    -160.1956635
      0.0083333       1.3794770      -0.0000000       1.3794770      -0.0000000
