      0.0000000       2.1965435       0.0000000       2.1965435       0.0000000
      0.0005556      -2.4023755       8.1650162       8.5111046     106.3953476
      0.0011111       2.4474626      -4.1594834       4.8261137     -59.5272141
      0.0016667      -4.0241742      -2.6885011       4.8396297    -146.2535858
      0.0022222       8.1820135       6.0860662      10.1973305      36.6431503
      0.0027778       1.2983009     -10.5611191      10.6406212     -82.9916611
      0.0033333      -8.5663710      -3.7251377       9.3412724    -156.4978943
      0.0038889      -3.4576106       8.5199203       9.1947870     112.0886154
      0.0044444       5.3374562       5.0953250       7.3790770      43.6704750
      0.0050000       0.5385931      -2.8652973       2.9154780     -79.3542709
      0.0055556      -0.9010230      -3.3048236       3.4254491    -105.2503891
      0.0061111      -0.4253786       3.8474970       3.8709404      96.3089828
      0.0066667      -0.1606776      -3.4076145       3.4114006     -92.6996384
      0.0072222       0.3620887       4.7725368       4.7862530      85.6613159
      0.0077778       1.3792777      -4.5529304       4.7572660     -73.1461868
      0.0083333      -1.4117084      -0.0000000       1.4117084    -180.0000000
