      0.0000000     -28.5039139       0.0000000      28.5039139     180.0000000
      0.0005556      22.0715504      10.0257778      24.2418976      24.4294415
      0.0011111      -0.0087500     -17.3966656      17.3966675     -90.0288162
      0.0016667     -18.3724365       0.3289666      18.3753815     178.9741974
      0.0022222      14.7143383       6.0803866      15.9211445      22.4518166
      0.0027778      -3.4268262      -0.4494332       3.4561725    -172.5281982
      0.0033333      -3.8138993       4.2816591       5.7339716     131.6931305
      0.0038889       2.0892282      -6.5310597       6.8570852     -72.2609787
      0.0044444       1.6553588       7.0347371       7.2268763      76.7584991
      0.0050000      -0.6816658      -5.1316452       5.1767220     -97.5666275
      0.0055556      -0.5377936       1.4731641       1.5682584     110.0551224
      0.0061111       1.6286544       0.4848562       1.6992941      16.5784550
      0.0066667       0.0070659      -2.4030929       2.4031034     -89.8315277
      0.0072222      -0.2821760       2.3266089       2.3436580      96.9151764
      0.0077778      -1.6379099      -1.4600559       2.1941996    -138.2857361
      0.0083333       1.6944380      -0.0000000       1.6944380      -0.0000000
