      0.0000000       1.7549086       0.0000000       1.7549086       0.0000000
      0.0005556      -0.8774543       0.1061390       0.8838504     173.1028748
      0.0011111       0.0000000      -0.0235839       0.0235839     -89.9999695
      0.0016667       0.0000001      -0.0058930       0.0058930     -89.9994049
      0.0022222      -0.0000000      -0.0023538       0.0023538     -90.0008774
      0.0027778       0.0000000      -0.0011731       0.0011731     -89.9991837
      0.0033333       0.0000000      -0.0006661       0.0006661     -89.9957809
      0.0038889       0.0000000      -0.0004117       0.0004117     -89.9931641
      0.0044444      -0.0000000      -0.0002693       0.0002693     -90.0032501
      0.0050000      -0.0000000      -0.0001828       0.0001828     -90.0153503
      0.0055556       0.0000000      -0.0001265       0.0001265     -89.9940338
      0.0061111       0.0000000      -0.0000875       0.0000875     -89.9956512
      0.0066667       0.0000000      -0.0000589       0.0000589     -89.9660492
      0.0072222       0.0000000      -0.0000364       0.0000364     -89.9925613
      0.0077778      -0.0000000      -0.0000174       0.0000174     -90.0258865
      0.0083333      -0.0000001      -0.0000000       0.0000001    -180.0000000
