      0.0000000      -3.1424825       0.0000000       3.1424825     180.0000000
      0.0005556       1.5712413       1.1776122       1.9635605      36.8507843
      0.0011111       0.0000000      -0.2616633       0.2616633     -89.9999847
      0.0016667      -0.0000000      -0.0653832       0.0653832     -90.0000305
      0.0022222       0.0000000      -0.0261155       0.0261155     -89.9999237
      0.0027778       0.0000000      -0.0130156       0.0130156     -89.9998398
      0.0033333       0.0000001      -0.0073908       0.0073908     -89.9995041
      0.0038889      -0.0000000      -0.0045678       0.0045678     -90.0001221
      0.0044444       0.0000000      -0.0029882       0.0029882     -89.9999542
      0.0050000       0.0000001      -0.0020281       0.0020281     -89.9981842
      0.0055556       0.0000000      -0.0014034       0.0014034     -89.9996262
      0.0061111       0.0000000      -0.0009711       0.0009711     -89.9983749
      0.0066667       0.0000000      -0.0006533       0.0006533     -89.9963608
      0.0072222      -0.0000000      -0.0004038       0.0004038     -90.0042343
      0.0077778       0.0000000      -0.0001930       0.0001930     -89.9978790
      0.0083333       0.0000000      -0.0000000       0.0000000      -0.0000000
