      0.0000000      -0.5479958       0.0000000       0.5479958     180.0000000
      0.0005556       0.2739979       0.0630667       0.2811624      12.9621229
      0.0011111       0.0000000      -0.0140133       0.0140133     -89.9999771
      0.0016667      -0.0000000      -0.0035016       0.0035016     -90.0001450
      0.0022222       0.0000000      -0.0013986       0.0013986     -89.9998550
      0.0027778       0.0000000      -0.0006970       0.0006970     -89.9999313
      0.0033333      -0.0000000      -0.0003958       0.0003958     -90.0005341
      0.0038889       0.0000000      -0.0002446       0.0002446     -89.9995346
      0.0044444       0.0000000      -0.0001600       0.0001600     -89.9969177
      0.0050000       0.0000000      -0.0001086       0.0001086     -89.9980240
      0.0055556       0.0000000      -0.0000752       0.0000752     -89.9949951
      0.0061111       0.0000000      -0.0000520       0.0000520     -89.9996567
      0.0066667       0.0000000      -0.0000350       0.0000350     -89.9845123
      0.0072222      -0.0000000      -0.0000216       0.0000216     -90.0105133
      0.0077778      -0.0000000      -0.0000103       0.0000103     -90.0980759
      0.0083333       0.0000000      -0.0000000       0.0000000      -0.0000000
