      0.0000000      -8.5998764       0.0000000       8.5998764     180.0000000
      0.0005556       4.2999377       1.0425018       4.4245086      13.6281605
      0.0011111      -0.0000000      -0.2316420       0.2316420     -90.0000076
      0.0016667      -0.0000002      -0.0578816       0.0578816     -90.0001526
      0.0022222       0.0000002      -0.0231194       0.0231194     -89.9994965
      0.0027778       0.0000000      -0.0115221       0.0115221     -89.9998550
      0.0033333      -0.0000001      -0.0065429       0.0065429     -90.0005798
      0.0038889      -0.0000001      -0.0040439       0.0040439     -90.0009995
      0.0044444       0.0000000      -0.0026453       0.0026453     -89.9997864
      0.0050000       0.0000001      -0.0017955       0.0017955     -89.9978561
      0.0055556      -0.0000001      -0.0012422       0.0012422     -90.0043106
      0.0061111      -0.0000000      -0.0008598       0.0008598     -90.0024490
      0.0066667       0.0000002      -0.0005782       0.0005782     -89.9840546
      0.0072222      -0.0000000      -0.0003576       0.0003576     -90.0051498
      0.0077778      -0.0000004      -0.0001709       0.0001709     -90.1198502
      0.0083333       0.0000000      -0.0000000       0.0000000      -0.0000000
