      0.0000000      -2.8724518       0.0000000       2.8724518     180.0000000
      0.0005556       1.4586699       1.6747099       2.2208943      48.9441795
      0.0011111      -0.0491220      -0.9853943       0.9866179     -92.8538284
      0.0016667       0.1403698       0.7213845       0.7349145      78.9887543
      0.0022222      -0.1142205      -0.6626847       0.6724562     -99.7794189
      0.0027778      -0.0927263       0.3865163       0.3974833     103.4904480
      0.0033333       0.1136373      -0.2674247       0.2905674     -66.9777985
      0.0038889      -0.1495701       0.2195469       0.2656540     124.2653275
      0.0044444       0.3268916       0.0151222       0.3272412       2.6486399
      0.0050000      -0.2047717      -0.3550564       0.4098738    -119.9733353
      0.0055556      -0.0775822       0.3478558       0.3564024     102.5728836
      0.0061111       0.1875117      -0.1804000       0.2602015     -43.8926163
      0.0066667      -0.1058891       0.0521934       0.1180536     153.7610016
      0.0072222      -0.0113963      -0.0627301       0.0637568    -100.2967224
      0.0077778      -0.0476697       0.1005114       0.1112427     115.3736496
      0.0083333       0.1241868      -0.0000000       0.1241868      -0.0000000
