      0.0000000     -44.7415237       0.0000000      44.7415237     180.0000000
      0.0005556      26.0902786      24.3543186      35.6908302      43.0290451
      0.0011111       8.9851341     -35.3377190      36.4621315     -75.7340088
      0.0016667     -22.1044827      14.3680182      26.3637657     146.9759369
      0.0022222      10.1233110       0.2821688      10.1272430       1.5966018
      0.0027778      -2.1462953       4.8490462       5.3028135     113.8752365
      0.0033333      -0.9746595     -12.2821264      12.3207378     -94.5372467
      0.0038889       5.9267554      11.7396059      13.1508474      63.2130089
      0.0044444      -1.8693662      -5.9030142       6.1919389    -107.5719452
      0.0050000      -3.3033996       5.0336680       6.0208192     123.2753220
      0.0055556       2.3285494      -4.6946740       5.2404299     -63.6186752
      0.0061111      -1.2035698       4.7515602       4.9016228     104.2140503
      0.0066667       3.1133840      -5.4301438       6.2593627     -60.1721039
      0.0072222      -5.0619845       6.7249188       8.4171381     126.9695206
      0.0077778       4.2347431      -6.5179424       7.7728128     -56.9879913
      0.0083333      -3.5352764      -0.0000000       3.5352764    -180.0000000
