      0.0000000      12.8546257       0.0000000      12.8546257       0.0000000
      0.0005556      -6.3614159      -4.2093744       7.6280041    -146.5072174
      0.0011111       0.0160539       0.9854829       0.9856136      89.0667038
      0.0016667      -0.0111927       0.2760711       0.2762979      92.3216629
      0.0022222      -0.0286569       0.1167887       0.1202532     103.7864914
      0.0027778      -0.0301866       0.0474935       0.0562749     122.4398117
      0.0033333      -0.0185676       0.0121261       0.0221766     146.8522491
      0.0038889      -0.0028753      -0.0005768       0.0029325    -168.6572723
      0.0044444       0.0075049       0.0014267       0.0076393      10.7634201
      0.0050000       0.0083127       0.0082914       0.0117409      44.9265251
      0.0055556       0.0020563       0.0116095       0.0117902      79.9560013
      0.0061111      -0.0047766       0.0082758       0.0095553     119.9924164
      0.0066667      -0.0066827       0.0010878       0.0067707     170.7546844
      0.0072222      -0.0028084      -0.0044082       0.0052268    -122.5001907
      0.0077778       0.0030419      -0.0044856       0.0054198     -55.8568497
      0.0083333       0.0057602      -0.0000000       0.0057602      -0.0000000
