      0.0000000     -22.5182552       0.0000000      22.5182552     180.0000000
      0.0005556      11.2355804       8.4117250      14.0355043      36.8210373
      0.0011111      -0.0123248      -1.8806478       1.8806882     -90.3754730
      0.0016667      -0.0078238      -0.4809465       0.4810101     -90.9319687
      0.0022222      -0.0025471      -0.2015999       0.2016160     -90.7238464
      0.0027778       0.0026945      -0.1072409       0.1072747     -88.5606842
      0.0033333       0.0071139      -0.0644724       0.0648637     -83.7034225
      0.0038889       0.0100837      -0.0403938       0.0416334     -75.9834290
      0.0044444       0.0112355      -0.0245717       0.0270186     -65.4275970
      0.0050000       0.0105191      -0.0133299       0.0169805     -51.7215729
      0.0055556       0.0082028      -0.0053650       0.0098015     -33.1862907
      0.0061111       0.0048253      -0.0001976       0.0048294      -2.3447273
      0.0066667       0.0010896       0.0024567       0.0026875      66.0822601
      0.0072222      -0.0022592       0.0029720       0.0037332     127.2406235
      0.0077778      -0.0045670       0.0019071       0.0049492     157.3361359
      0.0083333      -0.0053883      -0.0000000       0.0053883    -180.0000000
