      0.0000000      -1.0867174       0.0000000       1.0867174     180.0000000
      0.0005556       1.4473624      -0.9343566       1.7227536     -32.8445930
      0.0011111      -1.4743534       1.4952682       2.0998917     134.5964661
      0.0016667       0.5595224      -1.2492583       1.3688358     -65.8731689
      0.0022222       0.3255242      -0.0371962       0.3276425      -6.5186515
      0.0027778      -0.9031671       0.7190009       1.1544147     141.4770966
      0.0033333       1.3139611      -0.1002229       1.3177779      -4.3618112
      0.0038889      -0.9264911      -0.8271660       1.2420101    -138.2416992
      0.0044444      -0.2947643       1.0643786       1.1044401     105.4793015
      0.0050000       0.7804488      -0.7694249       1.0959539     -44.5924721
      0.0055556      -0.1223185       0.3058810       0.3294313     111.7959290
      0.0061111      -0.4305161       0.2022827       0.4756705     154.8329926
      0.0066667       0.5276851       0.4502161       0.6936469      40.4705009
      0.0072222       0.2154702      -1.4039761       1.4204141     -81.2748108
      0.0077778      -1.5131928       0.9436642       1.7833267     148.0513153
      0.0083333       2.0763745      -0.0000000       2.0763745      -0.0000000
