      0.0000000       6.7124486       0.0000000       6.7124486       0.0000000
      0.0005556      -3.3562245      -0.2587457       3.3661838    -175.5915375
      0.0011111       0.0000001       0.0574927       0.0574927      89.9998703
      0.0016667       0.0000001       0.0143661       0.0143661      89.9995956
      0.0022222      -0.0000001       0.0057381       0.0057381      90.0007248
      0.0027778       0.0000000       0.0028597       0.0028597      89.9995270
      0.0033333       0.0000002       0.0016239       0.0016239      89.9916153
      0.0038889       0.0000000       0.0010038       0.0010038      89.9987030
      0.0044444      -0.0000000       0.0006569       0.0006569      90.0034943
      0.0050000      -0.0000002       0.0004454       0.0004454      90.0305252
      0.0055556       0.0000001       0.0003082       0.0003082      89.9893036
      0.0061111       0.0000001       0.0002134       0.0002134      89.9785233
      0.0066667      -0.0000001       0.0001435       0.0001435      90.0397949
      0.0072222       0.0000000       0.0000888       0.0000888      89.9851151
      0.0077778       0.0000001       0.0000423       0.0000423      89.8378525
      0.0083333       0.0000000      -0.0000000       0.0000000      -0.0000000
