      0.0000000     -24.4972000       0.0000000      24.4972000     180.0000000
      0.0005556       9.4896183     -21.7984600      23.7744770     -66.4748459
      0.0011111      -0.1951053       7.1693048       7.1719589      91.5588608
      0.0016667       1.0494785       2.6610785       2.8605494      68.4766693
      0.0022222       1.3659188       0.7133986       1.5409969      27.5773792
      0.0027778       0.7966369      -0.3742568       0.8801696     -25.1639500
      0.0033333       0.0052043      -0.5338485       0.5338739     -89.4414520
      0.0038889      -0.3617832      -0.1166032       0.3801098    -162.1357880
      0.0044444      -0.1876771       0.2592309       0.3200365     125.9036407
      0.0050000       0.1501500       0.2394429       0.2826268      57.9089699
      0.0055556       0.2429442      -0.0391214       0.2460739      -9.1478405
      0.0061111       0.0443776      -0.2092326       0.2138870     -78.0251846
      0.0066667      -0.1652524      -0.0992713       0.1927775    -149.0056915
      0.0072222      -0.1396625       0.1186399       0.1832513     139.6529083
      0.0077778       0.0636497       0.1689782       0.1805683      69.3599014
      0.0083333       0.1802053      -0.0000000       0.1802053      -0.0000000
