      0.0000000     -14.4717274       0.0000000      14.4717274     180.0000000
      0.0005556       8.3193865      28.1697674      29.3725719      73.5465317
      0.0011111       0.2639758      -7.0841665       7.0890832     -87.8659821
      0.0016667      -0.1840407      -2.2605364       2.2680159     -94.6544418
      0.0022222      -0.4711951      -1.0101119       1.1146079    -115.0080185
      0.0027778      -0.4963498      -0.3272860       0.5945412    -146.5997009
      0.0033333      -0.3053041       0.0582060       0.3108030     169.2061310
      0.0038889      -0.0472765       0.1686888       0.1751884     105.6559982
      0.0044444       0.1233982       0.0806925       0.1474394      33.1814690
      0.0050000       0.1366843      -0.0656502       0.1516329     -25.6552067
      0.0055556       0.0338090      -0.1419768       0.1459467     -76.6055908
      0.0061111      -0.0785379      -0.1022310       0.1289162    -127.5329056
      0.0066667      -0.1098787       0.0048825       0.1099871     177.4557037
      0.0072222      -0.0461757       0.0865548       0.0981017     118.0792389
      0.0077778       0.0500126       0.0804805       0.0947543      58.1421738
      0.0083333       0.0947104      -0.0000000       0.0947104      -0.0000000
