      0.0000000       1.1397923       0.0000000       1.1397923       0.0000000
      0.0005556      -0.5818515      -0.1879507       0.6114545    -162.0984039
      0.0011111      -0.0080765       0.0458042       0.0465108      99.9999542
      0.0016667      -0.0074664       0.0169783       0.0185475     113.7379456
      0.0022222      -0.0054958       0.0136777       0.0147405     111.8904419
      0.0027778      -0.0018486       0.0139400       0.0140621      97.5539169
      0.0033333       0.0031389       0.0136827       0.0140381      77.0796738
      0.0038889       0.0084451       0.0113631       0.0141576      53.3801384
      0.0044444       0.0126252       0.0066302       0.0142603      27.7065983
      0.0050000       0.0142882       0.0001581       0.0142890       0.6339250
      0.0055556       0.0126191      -0.0065840       0.0142334     -27.5532570
      0.0061111       0.0077474      -0.0117923       0.0141096     -56.6955566
      0.0066667       0.0008099      -0.0139268       0.0139503     -86.6718597
      0.0072222      -0.0063373      -0.0122539       0.0137956    -117.3462524
      0.0077778      -0.0116720      -0.0071428       0.0136841    -148.5349274
      0.0083333      -0.0136435      -0.0000000       0.0136435    -180.0000000
