      0.0000000      -9.9126339       0.0000000       9.9126339     180.0000000
      0.0005556      12.1938448       9.4628916      15.4349012      37.8128319
      0.0011111     -13.8760757      -7.5667272      15.8050890    -151.3960266
      0.0016667      21.2109852      -7.2564135      22.4178810     -18.8861427
      0.0022222     -19.9416943      10.1553421      22.3786087     153.0124512
      0.0027778      -0.2187649      -3.4510767       3.4580035     -93.6271439
      0.0033333       4.4430294       1.1172798       4.5813560      14.1153784
      0.0038889      -0.1944195      -2.8526778       2.8592954     -93.8988647
      0.0044444       4.1162958       1.5338326       4.3927822      20.4366226
      0.0050000      -4.2829657       4.6743951       6.3398552     132.4978027
      0.0055556       3.6842957      -4.8827953       6.1168394     -52.9637489
      0.0061111      -4.4356651       2.8632610       5.2795253     147.1573944
      0.0066667       4.8846831      -2.8083894       5.6344638     -29.8962250
      0.0072222      -0.8424332      -0.0452432       0.8436472    -176.9258575
      0.0077778      -3.8844135       1.1323833       4.0461044     163.7475433
      0.0083333       4.1992226      -0.0000000       4.1992226      -0.0000000
