      0.0000000       0.2585170       0.0000000       0.2585170       0.0000000
      0.0005556       0.2893322      -0.7664517       0.8192444     -69.3186951
      0.0011111      -0.3924845       0.6781538       0.7835411     120.0602951
      0.0016667      -0.2932024      -0.1139981       0.3145842    -158.7537537
      0.0022222       0.4476346       0.0093902       0.4477331       1.2017410
      0.0027778      -0.8239334      -0.3569229       0.8979199    -156.5780182
      0.0033333       0.9553547       0.5197577       1.0875894      28.5482597
      0.0038889      -0.4538227      -0.3749327       0.5886676    -140.4376373
      0.0044444       0.6513435      -0.1271685       0.6636416     -11.0474672
      0.0050000      -0.5473952       0.3145222       0.6313207     150.1191864
      0.0055556      -0.1592911      -0.2839804       0.3256048    -119.2890549
      0.0061111      -0.0397351       0.4785345       0.4801814      94.7466583
      0.0066667       0.2757332      -0.3474350       0.4435537     -51.5635872
      0.0072222       0.1425443       0.0232525       0.1444284       9.2647676
      0.0077778       0.0771013       0.0270837       0.0817199      19.3550663
      0.0083333      -0.5168762      -0.0000000       0.5168762    -180.0000000
