      0.0000000     -19.8395195       0.0000000      19.8395195     180.0000000
      0.0005556       2.2530172      19.6617451      19.7904091      83.4630508
      0.0011111      15.1854305      -3.0540137      15.4894896     -11.3713312
      0.0016667       0.2895799     -12.3897896      12.3931732     -88.6610947
      0.0022222     -12.5882645      -3.7665308      13.1396790    -163.3423004
      0.0027778      -4.5366211      13.7754097      14.5032015     108.2281342
      0.0033333      13.5633821       3.9808214      14.1354971      16.3568401
      0.0038889       3.7521367     -12.2028828      12.7667093     -72.9084091
      0.0044444     -10.4233046      -3.6919167      11.0578260    -160.4959259
      0.0050000      -4.4803648       9.1363106      10.1757479     116.1229095
      0.0055556       8.2143011       4.1498532       9.2030439      26.8028393
      0.0061111       3.6394651      -6.3634620       7.3307133     -60.2333946
      0.0066667      -4.2364383      -3.8618124       5.7324519    -137.6486206
      0.0072222      -4.4265785       2.7088661       5.1896582     148.5352478
      0.0077778       1.7132103       4.5134606       4.8276720      69.2143326
      0.0083333       4.0016165      -0.0000000       4.0016165      -0.0000000
