      0.0000000       6.2087679       0.0000000       6.2087679       0.0000000
      0.0005556      -3.0952356      -1.6591386       3.5118690    -151.8073578
      0.0011111       0.0036298       0.3745429       0.3745605      89.4447479
      0.0016667       0.0007343       0.0982377       0.0982405      89.5717239
      0.0022222      -0.0019916       0.0420127       0.0420599      92.7140427
      0.0027778      -0.0037854       0.0215664       0.0218960      99.9552765
      0.0033333      -0.0042414       0.0112322       0.0120064     110.6871185
      0.0038889      -0.0034238       0.0052019       0.0062276     123.3521576
      0.0044444      -0.0018097       0.0018601       0.0025952     134.2137909
      0.0050000      -0.0000872       0.0005181       0.0005254      99.5581894
      0.0055556       0.0011103       0.0005424       0.0012357      26.0369549
      0.0061111       0.0014321       0.0012007       0.0018689      39.9768372
      0.0066667       0.0009191       0.0017842       0.0020070      62.7450027
      0.0072222      -0.0000496       0.0018047       0.0018054      91.5757751
      0.0077778      -0.0009388       0.0011318       0.0014705     129.6730194
      0.0083333      -0.0012939      -0.0000000       0.0012939    -180.0000000
