      0.0000000     -78.3404007       0.0000000      78.3404007     180.0000000
      0.0005556      39.1702042       0.0000044      39.1702042       0.0000064
      0.0011111       0.0000003       0.0000013       0.0000013      75.3114624
      0.0016667      -0.0000019      -0.0000004       0.0000020    -168.5391083
      0.0022222       0.0000008       0.0000006       0.0000010      36.2252350
      0.0027778      -0.0000011       0.0000011       0.0000015     133.4820557
      0.0033333      -0.0000022       0.0000009       0.0000024     158.7014160
      0.0038889      -0.0000024      -0.0000012       0.0000026    -152.8948517
      0.0044444       0.0000010      -0.0000026       0.0000028     -67.8801422
      0.0050000       0.0000022       0.0000009       0.0000024      21.2985783
      0.0055556      -0.0000012       0.0000023       0.0000026     117.3923798
      0.0061111      -0.0000010      -0.0000007       0.0000012    -144.4982147
      0.0066667      -0.0000001      -0.0000004       0.0000004    -104.9130630
      0.0072222      -0.0000007      -0.0000010       0.0000012    -123.9243088
      0.0077778      -0.0000001       0.0000005       0.0000006      95.9508362
      0.0083333       0.0000000      -0.0000000       0.0000000      -0.0000000
