      0.0000000     -55.5062599       0.0000000      55.5062599     180.0000000
      0.0005556      27.7531300      -3.0851862      27.9240856      -6.3432608
      0.0011111      -0.0000004       0.6855221       0.6855221      90.0000229
      0.0016667      -0.0000002       0.1712955       0.1712955      90.0000610
      0.0022222       0.0000006       0.0684188       0.0684188      89.9995193
      0.0027778      -0.0000004       0.0341003       0.0341003      90.0007401
      0.0033333      -0.0000006       0.0193625       0.0193625      90.0018845
      0.0038889      -0.0000004       0.0119657       0.0119657      90.0020142
      0.0044444       0.0000011       0.0078271       0.0078271      89.9921875
      0.0050000       0.0000017       0.0053146       0.0053146      89.9821472
      0.0055556      -0.0000002       0.0036775       0.0036775      90.0031204
      0.0061111      -0.0000006       0.0025442       0.0025442      90.0135574
      0.0066667       0.0000012       0.0017109       0.0017109      89.9596634
      0.0072222      -0.0000001       0.0010582       0.0010582      90.0058746
      0.0077778      -0.0000020       0.0005052       0.0005052      90.2232742
      0.0083333       0.0000000      -0.0000000       0.0000000      -0.0000000
