      0.0000000     -98.1067200       0.0000000      98.1067200     180.0000000
      0.0005556      49.0533600      -3.5301747      49.1802216      -4.1162519
      0.0011111      -0.0000000       0.7843996       0.7843996      90.0000000
      0.0016667      -0.0000018       0.1960023       0.1960023      90.0005341
      0.0022222       0.0000014       0.0782853       0.0782853      89.9990082
      0.0027778      -0.0000005       0.0390186       0.0390186      90.0007858
      0.0033333      -0.0000043       0.0221571       0.0221571      90.0112076
      0.0038889      -0.0000019       0.0136900       0.0136900      90.0080338
      0.0044444       0.0000008       0.0089536       0.0089536      89.9945679
      0.0050000       0.0000043       0.0060819       0.0060819      89.9591599
      0.0055556      -0.0000020       0.0042072       0.0042072      90.0265808
      0.0061111      -0.0000008       0.0029101       0.0029101      90.0159454
      0.0066667       0.0000018       0.0019587       0.0019587      89.9467621
      0.0072222      -0.0000000       0.0012099       0.0012099      90.0000763
      0.0077778      -0.0000008       0.0005795       0.0005795      90.0805893
      0.0083333       0.0000038      -0.0000000       0.0000038      -0.0000000
