      0.0000000      89.6835175       0.0000000      89.6835175       0.0000000
      0.0005556     -44.8417625     -13.9395533      46.9584389    -162.7315521
      0.0011111      -0.0000018       3.0973425       3.0973425      90.0000229
      0.0016667       0.0000016       0.7739496       0.7739496      89.9998779
      0.0022222      -0.0000008       0.3091331       0.3091331      90.0001450
      0.0027778      -0.0000003       0.1540646       0.1540646      90.0001221
      0.0033333       0.0000008       0.0874887       0.0874887      89.9994583
      0.0038889       0.0000032       0.0540711       0.0540711      89.9965973
      0.0044444      -0.0000015       0.0353713       0.0353713      90.0023575
      0.0050000      -0.0000008       0.0240073       0.0240073      90.0019608
      0.0055556       0.0000004       0.0166113       0.0166113      89.9987564
      0.0061111       0.0000009       0.0114962       0.0114962      89.9954987
      0.0066667      -0.0000016       0.0077322       0.0077322      90.0114822
      0.0072222      -0.0000002       0.0047803       0.0047803      90.0029678
      0.0077778       0.0000027       0.0022826       0.0022826      89.9324875
      0.0083333       0.0000000      -0.0000000       0.0000000      -0.0000000
