      0.0000000      -9.1672058       0.0000000       9.1672058     180.0000000
      0.0005556       4.5836029      -0.1918893       4.5876179      -2.3972473
      0.0011111       0.0000000       0.0426375       0.0426375      89.9999466
      0.0016667      -0.0000000       0.0106541       0.0106541      90.0001373
      0.0022222       0.0000001       0.0042554       0.0042554      89.9985809
      0.0027778      -0.0000000       0.0021210       0.0021210      90.0008316
      0.0033333      -0.0000001       0.0012044       0.0012044      90.0060501
      0.0038889      -0.0000003       0.0007442       0.0007442      90.0208054
      0.0044444       0.0000000       0.0004866       0.0004866      89.9978256
      0.0050000       0.0000004       0.0003304       0.0003304      89.9338303
      0.0055556      -0.0000003       0.0002287       0.0002287      90.0804977
      0.0061111       0.0000000       0.0001583       0.0001583      89.9922409
      0.0066667       0.0000000       0.0001062       0.0001062      89.9851074
      0.0072222       0.0000001       0.0000658       0.0000658      89.9501495
      0.0077778      -0.0000001       0.0000317       0.0000317      90.1994781
      0.0083333       0.0000010      -0.0000000       0.0000010      -0.0000000
