      0.0000000       5.7807860       0.0000000       5.7807860       0.0000000
      0.0005556      -2.9174776      -0.3491715       2.9382982    -173.1751404
      0.0011111      -0.0107459       0.0950088       0.0956146      96.4529724
      0.0016667      -0.0021734       0.0375025       0.0375654      93.3167877
      0.0022222       0.0058956       0.0231927       0.0239303      75.7373352
      0.0027778       0.0112064       0.0134177       0.0174820      50.1315269
      0.0033333       0.0125566       0.0046171       0.0133785      20.1887932
      0.0038889       0.0101363      -0.0022973       0.0103934     -12.7697115
      0.0044444       0.0053575      -0.0060709       0.0080968     -48.5722885
      0.0050000       0.0002580      -0.0063243       0.0063296     -87.6636429
      0.0055556      -0.0032864      -0.0038315       0.0050479    -130.6204376
      0.0061111      -0.0042399      -0.0002079       0.0042450    -177.1931152
      0.0066667      -0.0027214       0.0027511       0.0038696     134.6890106
      0.0072222       0.0001469       0.0037781       0.0037810      87.7734909
      0.0077778       0.0027791       0.0026035       0.0038081      43.1309738
      0.0083333       0.0038304      -0.0000000       0.0038304      -0.0000000
