      0.0000000      10.8505259       0.0000000      10.8505259       0.0000000
      0.0005556      -4.5500722      12.7506752      13.5382004     109.6389084
      0.0011111      -8.3651619     -10.6582394      13.5489483    -128.1267395
      0.0016667      12.6855812      -2.8380516      12.9991732     -12.6107025
      0.0022222      -3.0329018      11.9802637      12.3582039     104.2064133
      0.0027778      -8.7872305      -7.7929287      11.7450056    -138.4318695
      0.0033333      10.3750420      -3.9672828      11.1076927     -20.9262104
      0.0038889      -1.2410297      10.3203344      10.3946838      96.8569412
      0.0044444      -7.8624783      -5.5438356       9.6204300    -144.8123169
      0.0050000       7.9348760      -3.8309355       8.8112612     -25.7711163
      0.0055556      -0.5883574       7.9623375       7.9840455      94.2260437
      0.0061111      -5.8351517      -4.1725874       7.1735263    -144.4322815
      0.0066667       5.9887395      -2.3408732       6.4299836     -21.3494892
      0.0072222      -1.3901703       5.6433330       5.8120375     103.8386230
      0.0077778      -3.3807278      -4.2045140       5.3951144    -128.8017426
      0.0083333       5.2475615      -0.0000000       5.2475615      -0.0000000
