      0.0000000       7.2199163       0.0000000       7.2199163       0.0000000
      0.0005556      -2.9239821       6.0643039       6.7324181     115.7416306
      0.0011111      -1.5794290      -3.5724921       3.9060588    -113.8506241
      0.0016667      -3.2725403       2.9498036       4.4057760     137.9691162
      0.0022222       5.7628222       1.4438082       5.9409342      14.0652723
      0.0027778      -1.9423048      -2.8874583       3.4799373    -123.9275055
      0.0033333       1.2218211       2.0964990       2.4265521      59.7667389
      0.0038889       1.2470855      -3.4405410       3.6595826     -70.0760422
      0.0044444      -4.0279961       0.3171182       4.0404601     175.4984589
      0.0050000       1.2564423       2.1952255       2.5293601      60.2152328
      0.0055556       0.3538043      -0.3820599       0.5207180     -47.1989517
      0.0061111       1.2811930       0.3036681       1.3166890      13.3341722
      0.0066667      -1.2281134      -1.3527081       1.8270419    -132.2360687
      0.0072222       0.6014880       0.4790202       0.7689266      38.5335312
      0.0077778      -0.5620691       0.0994893       0.5708062     169.9622955
      0.0083333       0.4036386      -0.0000000       0.4036386      -0.0000000
