      0.0000000     -17.2146339       0.0000000      17.2146339     180.0000000
      0.0005556       1.0496373      16.2215214      16.2554455      86.2977448
      0.0011111      18.8483677       4.2518902      19.3219967      12.7122269
      0.0016667      -2.7790601     -16.3324165      16.5671673     -99.6567307
      0.0022222     -15.4624071      -1.9999579      15.5912113    -172.6300812
      0.0027778      -5.8479967      14.1002226      15.2648401     112.5259781
      0.0033333      17.4074135       0.7132784      17.4220200       2.3464136
      0.0038889       3.8173823     -12.9992399      13.5481606     -73.6344910
      0.0044444     -10.7790232      -5.4095259      12.0602779    -153.3498993
      0.0050000      -2.6024871      15.5103607      15.7271814      99.5249405
      0.0055556       7.8451571       4.3295646       8.9605589      28.8933105
      0.0061111       1.9396374      -7.5467253       7.7919993     -75.5859833
      0.0066667      -6.0292039      -3.9237516       7.1935477    -146.9442749
      0.0072222      -4.2255950      -0.5752422       4.2645698    -172.2478180
      0.0077778       3.1884856       4.9156513       5.8591866      57.0309639
      0.0083333       4.4740176      -0.0000000       4.4740176      -0.0000000
