      0.0000000       0.4065539       0.0000000       0.4065539       0.0000000
      0.0005556      -0.2213254      -0.6328935       0.6704768    -109.2749329
      0.0011111       0.2416117       1.2125866       1.2364233      78.7312088
      0.0016667      -0.1513192      -1.3591769       1.3675742     -96.3526611
      0.0022222      -0.1501993       1.1370889       1.1469660      97.5246964
      0.0027778      -0.3578167      -0.8577389       0.9293808    -112.6440735
      0.0033333       0.7700534       0.6123677       0.9838579      38.4926910
      0.0038889      -0.4748362      -0.3576647       0.5944691    -143.0115509
      0.0044444       0.2387251       0.2010845       0.3121292      40.1083183
      0.0050000      -0.1861620      -0.2616338       0.3211052    -125.4332352
      0.0055556       0.3563731       0.4604806       0.5822750      52.2631531
      0.0061111      -0.5613504      -0.3339195       0.6531588    -149.2536774
      0.0066667       0.4777433      -0.0274648       0.4785321      -3.2902389
      0.0072222      -0.4056140       0.0211730       0.4061663     177.0118713
      0.0077778       0.3656259       0.0926481       0.3771816      14.2192183
      0.0083333      -0.2895727      -0.0000000       0.2895727    -180.0000000
