      0.0000000     -21.0575314       0.0000000      21.0575314     180.0000000
      0.0005556      15.9786530      14.7330675      21.7343197      42.6775055
      0.0011111      -0.6247374     -20.1937714      20.2034321     -91.7719955
      0.0016667     -13.2976322      10.9579802      17.2309132     140.5095978
      0.0022222      13.2769728       1.9839541      13.4243841       8.4987211
      0.0027778      -3.9835894      -7.9274578       8.8720665    -116.6797638
      0.0033333      -4.6806145       4.5598984       6.5345869     135.7484436
      0.0038889       5.6852503       3.5747607       6.7157269      32.1607819
      0.0044444       0.1597558      -7.3808746       7.3826032     -88.7600479
      0.0050000      -6.6078835       3.7802298       7.6127696     150.2270355
      0.0055556       7.5242491       2.9702628       8.0893011      21.5420589
      0.0061111      -1.8339702      -4.9607425       5.2888951    -110.2891846
      0.0066667      -3.2857108       0.5528861       3.3319032     170.4483185
      0.0072222       2.2837851       4.0148249       4.6189275      60.3671265
      0.0077778       1.9796520      -4.1924396       4.6363316     -64.7235184
      0.0083333      -4.0908222      -0.0000000       4.0908222    -180.0000000
