      0.0000000      -4.0231051       0.0000000       4.0231051     180.0000000
      0.0005556       2.5254633      -0.6264056       2.6019895     -13.9302797
      0.0011111      -0.2889726       0.9061856       0.9511454     107.6869049
      0.0016667      -0.8072159      -0.2872704       0.8568091    -160.4104614
      0.0022222       0.3250624      -0.6421707       0.7197561     -63.1517754
      0.0027778       0.3471292       0.2743651       0.4424645      38.3222504
      0.0033333      -0.1762238       0.0102467       0.1765214     176.6722260
      0.0038889       0.2303434      -0.0704056       0.2408631     -16.9960232
      0.0044444      -0.0333241       0.3014489       0.3032852      96.3082275
      0.0050000      -0.2325826      -0.1238189       0.2634878    -151.9707031
      0.0055556       0.1732866      -0.1058831       0.2030751     -31.4261265
      0.0061111      -0.0107976       0.1626879       0.1630458      93.7971420
      0.0066667      -0.1074478      -0.0895405       0.1398661    -140.1942291
      0.0072222       0.1310904      -0.0470074       0.1392637     -19.7272224
      0.0077778       0.0113359       0.1474896       0.1479246      85.6049576
      0.0083333      -0.1511880      -0.0000000       0.1511880    -180.0000000
