      0.0000000      -5.6432438       0.0000000       5.6432438     180.0000000
      0.0005556       2.8216219       0.2738133       2.8348763       5.5426908
      0.0011111       0.0000000      -0.0608406       0.0608406     -89.9999466
      0.0016667      -0.0000001      -0.0152026       0.0152026     -90.0004730
      0.0022222       0.0000001      -0.0060722       0.0060722     -89.9994888
      0.0027778      -0.0000000      -0.0030263       0.0030263     -90.0005341
      0.0033333      -0.0000001      -0.0017185       0.0017185     -90.0039291
      0.0038889      -0.0000001      -0.0010622       0.0010622     -90.0036621
      0.0044444       0.0000001      -0.0006949       0.0006949     -89.9918594
      0.0050000       0.0000001      -0.0004715       0.0004715     -89.9856491
      0.0055556      -0.0000000      -0.0003262       0.0003262     -90.0059967
      0.0061111      -0.0000001      -0.0002259       0.0002259     -90.0127411
      0.0066667       0.0000001      -0.0001519       0.0001519     -89.9516678
      0.0072222      -0.0000001      -0.0000940       0.0000940     -90.0505371
      0.0077778      -0.0000000      -0.0000449       0.0000449     -90.0068054
      0.0083333       0.0000000      -0.0000000       0.0000000      -0.0000000
