      0.0000000    -122.8320389       0.0000000     122.8320389     180.0000000
      0.0005556      61.5105972       4.0597878      61.6444283       3.7761266
      0.0011111       0.0494997      -0.8555751       0.8570058     -86.6888199
      0.0016667       0.0314234      -0.1695320       0.1724196     -79.4991608
      0.0022222       0.0102306      -0.0295654       0.0312855     -70.9127655
      0.0027778      -0.0108230       0.0124448       0.0164927     131.0128326
      0.0033333      -0.0285734       0.0214294       0.0357164     143.1309052
      0.0038889      -0.0405004       0.0154421       0.0433445     159.1290436
      0.0044444      -0.0451220       0.0026584       0.0452002     176.6282501
      0.0050000      -0.0422436      -0.0116354       0.0438168    -164.6005402
      0.0055556      -0.0329481      -0.0235546       0.0405018    -144.4390106
      0.0061111      -0.0193819      -0.0304134       0.0360643    -122.5086136
      0.0066667      -0.0043747      -0.0308602       0.0311687     -98.0683899
      0.0072222       0.0090739      -0.0249106       0.0265117     -69.9854431
      0.0077778       0.0183421      -0.0138624       0.0229913     -37.0809517
      0.0083333       0.0216370      -0.0000000       0.0216370      -0.0000000
