      0.0000000     -17.4140587       0.0000000      17.4140587     180.0000000
      0.0005556       8.7070313       0.0000004       8.7070313       0.0000029
      0.0011111      -0.0000001      -0.0000000       0.0000001    -151.9162750
      0.0016667      -0.0000003       0.0000001       0.0000003     163.9646301
      0.0022222       0.0000001      -0.0000002       0.0000002     -53.8437462
      0.0027778      -0.0000002       0.0000003       0.0000003     118.2223892
      0.0033333      -0.0000005       0.0000001       0.0000005     164.9825897
      0.0038889      -0.0000004      -0.0000005       0.0000006    -130.2519989
      0.0044444       0.0000002      -0.0000003       0.0000004     -52.4579659
      0.0050000       0.0000005       0.0000001       0.0000005      15.0173960
      0.0055556      -0.0000001       0.0000003       0.0000003     111.3668747
      0.0061111       0.0000001      -0.0000000       0.0000001      -9.0962200
      0.0066667       0.0000003       0.0000001       0.0000003      16.0353699
      0.0072222       0.0000001       0.0000001       0.0000001      54.1275253
      0.0077778      -0.0000006      -0.0000000       0.0000006    -176.5482330
      0.0083333       0.0000010      -0.0000000       0.0000010      -0.0000000
