      0.0000000       2.2453146       0.0000000       2.2453146       0.0000000
      0.0005556      -1.3641262       1.3834789       1.9428984     134.5964355
      0.0011111      -0.0808597      -1.2080151       1.2107183     -93.8294296
      0.0016667       0.5332088       0.1702584       0.5597317      17.7087536
      0.0022222      -0.3967230      -0.0039838       0.3967430    -179.4246674
      0.0027778       0.3185202       0.4669780       0.5652642      55.7025604
      0.0033333       0.1856249      -0.3553143       0.4008800     -62.4163284
      0.0038889      -0.9241863       0.1588463       0.9377379     170.2474518
      0.0044444       0.8242856       0.2796058       0.8704172      18.7374420
      0.0050000      -0.1651647      -0.6487979       0.6694909    -104.2824249
      0.0055556      -0.0010801       0.4210086       0.4210100      90.1469803
      0.0061111      -0.0886835      -0.2131054       0.2308218    -112.5945587
      0.0066667      -0.0324292       0.2080106       0.2105233      98.8611603
      0.0072222      -0.0143051      -0.2169400       0.2174111     -93.7726440
      0.0077778       0.1197951       0.0337836       0.1244676      15.7490711
      0.0083333      -0.0730681      -0.0000000       0.0730681    -180.0000000
