      0.0000000     -44.9777031       0.0000000      44.9777031     180.0000000
      0.0005556      26.4659348      24.9325275      36.3603706      43.2911568
      0.0011111       3.1434929     -26.0515118      26.2404804     -83.1196899
      0.0016667      -9.6411362       6.6178017      11.6938791     145.5337830
      0.0022222       2.8854752      -2.1094964       3.5743449     -36.1695709
      0.0027778      -4.8166032       5.2838755       7.1497555     132.3512421
      0.0033333      10.0179224       1.6714034      10.1563950       9.4720583
      0.0038889     -13.3989315      -8.2147045      15.7166386    -148.4880829
      0.0044444      11.7829542       9.4317703      15.0929222      38.6758347
      0.0050000      -3.8762355      -4.3677316       5.8397160    -131.5881195
      0.0055556      -0.8522087      -0.8167410       1.1803921    -136.2174377
      0.0061111       2.0223670       1.5206130       2.5302632      36.9394150
      0.0066667      -1.8033137       1.1938131       2.1626673     146.4950104
      0.0072222       2.6978948      -6.3489809       6.8984199     -66.9777298
      0.0077778      -3.9014137       6.1227794       7.2601280     122.5051346
      0.0083333       3.5253105      -0.0000000       3.5253105      -0.0000000
