      0.0000000       1.2180077       0.0000000       1.2180077       0.0000000
      0.0005556      -0.6090039       0.0881302       0.6153476     171.7657623
      0.0011111       0.0000000      -0.0195824       0.0195824     -89.9999619
      0.0016667       0.0000000      -0.0048932       0.0048932     -89.9999008
      0.0022222      -0.0000000      -0.0019544       0.0019544     -90.0001831
      0.0027778       0.0000000      -0.0009741       0.0009741     -89.9993896
      0.0033333       0.0000000      -0.0005531       0.0005531     -89.9964905
      0.0038889       0.0000000      -0.0003418       0.0003418     -89.9956284
      0.0044444      -0.0000000      -0.0002236       0.0002236     -90.0062866
      0.0050000      -0.0000000      -0.0001518       0.0001518     -90.0127411
      0.0055556      -0.0000000      -0.0001050       0.0001050     -90.0020981
      0.0061111       0.0000000      -0.0000727       0.0000727     -89.9836807
      0.0066667      -0.0000000      -0.0000489       0.0000489     -90.0092697
      0.0072222       0.0000000      -0.0000302       0.0000302     -89.9731445
      0.0077778      -0.0000000      -0.0000144       0.0000144     -90.1056824
      0.0083333       0.0000000      -0.0000000       0.0000000      -0.0000000
