      0.0000000       2.9171805       0.0000000       2.9171805       0.0000000
      0.0005556      -0.6104350      10.7507915      10.7681084      93.2497864
      0.0011111      -1.2341522      -7.7534504       7.8510590     -99.0441513
      0.0016667      -0.4269208       0.1310856       0.4465925     162.9309387
      0.0022222       4.8453665       2.8169367       5.6047044      30.1723080
      0.0027778      -0.2051693      -5.0668564       5.0710087     -92.3187714
      0.0033333      -0.8585999      -2.5484333       2.6891832    -108.6193237
      0.0038889      -7.6496539      -1.0906053       7.7270064    -171.8860626
      0.0044444       1.5676692       8.1282244       8.2780199      79.0835495
      0.0050000       2.7362103       0.9123939       2.8843215      18.4410496
      0.0055556       0.6233302      -3.5934389       3.6471007     -80.1591949
      0.0061111       0.7832726       2.2235615       2.3574862      70.5946503
      0.0066667      -3.2228708      -3.6375854       4.8599305    -131.5406647
      0.0072222       3.1191103       2.4080007       3.9404716      37.6686859
      0.0077778      -0.4951110       0.1713635       0.5239278     160.9086761
      0.0083333      -0.8612731      -0.0000000       0.8612731    -180.0000000
