      0.0000000      21.4032898       0.0000000      21.4032898       0.0000000
      0.0005556      -0.3000088      20.0591087      20.0613518      90.8568573
      0.0011111     -13.9079838      -3.4845347      14.3378515    -165.9345245
      0.0016667       7.2498631      -6.3870873       9.6620598     -41.3798637
      0.0022222       0.2621104      10.5059710      10.5092402      88.5708389
      0.0027778     -11.6273651      -3.7301607      12.2110491    -162.2133026
      0.0033333       5.9572401     -10.2438021      11.8500710     -59.8200378
      0.0038889       7.2396317       6.9105763      10.0084133      43.6678543
      0.0044444      -6.7815289       3.8684688       7.8073163     150.2977448
      0.0050000      -1.0441580      -5.7206621       5.8151731    -100.3439865
      0.0055556       4.1078300       0.7768258       4.1806369      10.7086620
      0.0061111      -1.4710966       2.4494972       2.8572998     120.9877930
      0.0066667      -1.1318859      -1.2131591       1.6591928    -133.0150604
      0.0072222       0.4472512      -0.3247479       0.5527159     -35.9833031
      0.0077778       0.0090943      -0.2859263       0.2860709     -88.1782455
      0.0083333       0.5787230      -0.0000000       0.5787230      -0.0000000
