      0.0000000     -45.5466309       0.0000000      45.5466309     180.0000000
      0.0005556      22.7733154       5.0574994      23.3281422      12.5210447
      0.0011111      -0.0000002      -1.1237667       1.1237667     -90.0000076
      0.0016667      -0.0000005      -0.2808009       0.2808009     -90.0000839
      0.0022222       0.0000006      -0.1121591       0.1121591     -89.9996796
      0.0027778       0.0000000      -0.0558974       0.0558974     -89.9999771
      0.0033333       0.0000001      -0.0317422       0.0317422     -89.9998398
      0.0038889      -0.0000007      -0.0196176       0.0196176     -90.0020294
      0.0044444       0.0000002      -0.0128344       0.0128344     -89.9990768
      0.0050000       0.0000009      -0.0087094       0.0087094     -89.9938583
      0.0055556      -0.0000005      -0.0060269       0.0060269     -90.0051422
      0.0061111      -0.0000004      -0.0041696       0.0041696     -90.0050125
      0.0066667       0.0000015      -0.0028057       0.0028057     -89.9701004
      0.0072222      -0.0000005      -0.0017342       0.0017342     -90.0174179
      0.0077778      -0.0000004      -0.0008291       0.0008291     -90.0258636
      0.0083333      -0.0000019      -0.0000000       0.0000019    -180.0000000
