      0.0000000      79.9498138       0.0000000      79.9498138       0.0000000
      0.0005556     -41.9545364      42.7049713      59.8656654     134.4921265
      0.0011111      -0.2516061     -22.6547508      22.6561489     -90.6363068
      0.0016667       1.8601437       0.0180624       1.8602314       0.5563372
      0.0022222       1.0248468       2.8103015       2.9913385      69.9643478
      0.0027778      -0.9364203      -1.2792152       1.5853311    -126.2051239
      0.0033333      -0.1299154      -0.7392705       0.7505990     -99.9670715
      0.0038889       0.7862421       0.8398079       1.1504147      46.8867683
      0.0044444      -0.3347392      -0.1077326       0.3516485    -162.1596985
      0.0050000      -0.4081106      -0.4465297       0.6049322    -132.4260712
      0.0055556       0.5648307       0.2560440       0.6201550      24.3853149
      0.0061111      -0.0221014       0.1101278       0.1123237     101.3478394
      0.0066667      -0.4898891      -0.2071282       0.5318773    -157.0810394
      0.0072222       0.3776790       0.0031935       0.3776925       0.4844508
      0.0077778       0.1936903       0.1099466       0.2227200      29.5810261
      0.0083333      -0.5100365      -0.0000000       0.5100365    -180.0000000
