      0.0000000     -19.2365570       0.0000000      19.2365570     180.0000000
      0.0005556      11.1890583       8.9893112      14.3527956      38.7784615
      0.0011111      -6.1899304      -3.0686698       6.9088330    -153.6299896
      0.0016667      17.1955013       1.3095531      17.2452946       4.3550525
      0.0022222     -14.9961424     -13.3538713      20.0800934    -138.3153381
      0.0027778       2.9688301       9.3306561       9.7915831      72.3499527
      0.0033333      -5.7129617      -1.4442326       5.8926854    -165.8128967
      0.0038889       3.1558585       0.7202421       3.2370036      12.8560724
      0.0044444       0.9086772       7.1012797       7.1591806      82.7080765
      0.0050000       4.4127784      -4.3694868       6.2100749     -44.7175636
      0.0055556      -0.2026440      -0.8125086       0.8373977    -104.0041656
      0.0061111      -6.3871546      -3.1403108       7.1173940    -153.8184814
      0.0066667       4.9743943       1.6797225       5.2503395      18.6584759
      0.0072222      -3.3459976       0.3532359       3.3645914     173.9736176
      0.0077778       2.6854613       0.4596382       2.7245128       9.7125187
      0.0083333      -2.0748911      -0.0000000       2.0748911    -180.0000000
