      0.0000000      -2.4210696       0.0000000       2.4210696     180.0000000
      0.0005556       1.7716819       0.6633772       1.8918049      20.5275860
      0.0011111      -1.2502929      -0.0541895       1.2514666    -177.5182648
      0.0016667       0.8573241       0.2532035       0.8939333      16.4540672
      0.0022222      -0.3001717      -0.1581180       0.3392704    -152.2215881
      0.0027778       0.2334425      -0.0282585       0.2351467      -6.9021292
      0.0033333      -0.0671811      -0.1311903       0.1473913    -117.1164703
      0.0038889      -0.2457446       0.1370974       0.2814003     150.8434753
      0.0044444       0.4190491       0.0500193       0.4220238       6.8068333
      0.0050000      -0.2690502      -0.2269719       0.3520003    -139.8488617
      0.0055556       0.0141102       0.1337708       0.1345129      83.9786911
      0.0061111       0.0677086       0.0771663       0.1026600      48.7350769
      0.0066667       0.0069095      -0.1479451       0.1481064     -87.3260345
      0.0072222      -0.0093719       0.0327734       0.0340870     105.9584198
      0.0077778      -0.1235054       0.0524187       0.1341690     157.0024414
      0.0083333       0.2112536      -0.0000000       0.2112536      -0.0000000
