      0.0000000     -15.9675169       0.0000000      15.9675169     180.0000000
      0.0005556       7.7497401      13.0907583      15.2127056      59.3744278
      0.0011111       5.7611470     -10.7792034      12.2221947     -61.8768883
      0.0016667     -10.9703283       2.5013757      11.2518883     167.1554108
      0.0022222      11.4284458       3.6946030      12.0108061      17.9150486
      0.0027778      -6.3353310     -11.2519913      12.9129286    -119.3812790
      0.0033333      -7.2023005       9.8721552      12.2201710     126.1128769
      0.0038889      10.6943598       3.8157535      11.3547039      19.6364269
      0.0044444       0.2913328      -8.4001312       8.4051819     -88.0136642
      0.0050000      -4.1444707       0.5058838       4.1752315     173.0407562
      0.0055556      -0.2598364       1.9927118       2.0095809      97.4290695
      0.0061111      -0.0624422      -0.5404450       0.5440403     -96.5906372
      0.0066667      -1.0851998       2.3496313       2.5881317     114.7902985
      0.0072222       4.7527146       1.5406466       4.9961872      17.9606915
      0.0077778       1.6408993      -7.0656996       7.2537341     -76.9256973
      0.0083333      -8.5499468      -0.0000000       8.5499468    -180.0000000
