      0.0000000     -33.0480957       0.0000000      33.0480957     180.0000000
      0.0005556      22.7120113      17.5410118      28.6970825      37.6797371
      0.0011111      -4.4864779      -9.9138308      10.8817520    -114.3489990
      0.0016667      -0.1561186     -16.5610962      16.5618324     -90.5400925
      0.0022222       1.4809301      18.8714352      18.9294529      85.5129242
      0.0027778      -5.5810022      -5.4501042       7.8007193    -135.6798401
      0.0033333      -1.3292240       3.0987689       3.3718252     113.2170181
      0.0038889       4.0578170      -3.4705749       5.3395476     -40.5397491
      0.0044444       0.2337844       1.4672680       1.4857761      80.9469757
      0.0050000      -1.1636344      -0.6900964       1.3528777    -149.3298187
      0.0055556       2.4193091       2.1285853       3.2224109      41.3423462
      0.0061111      -4.4968920      -1.1920447       4.6522045    -165.1533813
      0.0066667       6.4838672      -2.9864535       7.1385880     -24.7306805
      0.0072222      -2.4975562       3.4181335       4.2333703     126.1547928
      0.0077778      -4.6522055      -0.9956475       4.7575550    -167.9199982
      0.0083333       6.9988785      -0.0000000       6.9988785      -0.0000000
