      0.0000000      -2.3260891       0.0000000       2.3260891     180.0000000
      0.0005556       0.9259714       0.4545538       1.0315243      26.1461411
      0.0011111       0.0991753      -0.2328054       0.2530496     -66.9259567
      0.0016667       0.3499499       0.4608662       0.5786731      52.7894783
      0.0022222      -0.6221398      -0.0789740       0.6271322    -172.7655945
      0.0027778       0.6325508      -0.3488809       0.7223839     -28.8787594
      0.0033333      -0.5729404       0.4297844       0.7162230     143.1250305
      0.0038889       1.0918368      -0.6703631       1.2812082     -31.5489826
      0.0044444      -0.8813230       0.5900049       1.0605829     146.1995239
      0.0050000       0.1018727      -0.0558103       0.1161587     -28.7158623
      0.0055556       0.0466231      -0.1637208       0.1702299     -74.1045380
      0.0061111       0.1065093      -0.1927324       0.2202045     -61.0737381
      0.0066667       0.0724841       0.7606362       0.7640821      84.5564880
      0.0072222      -0.3401364      -0.6850336       0.7648292    -116.4055405
      0.0077778      -0.0582939       0.2226203       0.2301260     104.6736374
      0.0083333       0.4218089      -0.0000000       0.4218089      -0.0000000
