      0.0000000     -36.5311508       0.0000000      36.5311508     180.0000000
      0.0005556      26.1539879      22.0558949      34.2124786      40.1412354
      0.0011111      -4.5176682     -24.3044701      24.7207718    -100.5298538
      0.0016667      -8.3620825      13.0143900      15.4692850     122.7217865
      0.0022222      10.3791609      -6.7353015      12.3730059     -32.9805641
      0.0027778     -14.0887241       1.7092670      14.1920309     173.0825806
      0.0033333      12.3879280      10.5219765      16.2533913      40.3436852
      0.0038889       2.3275671     -18.0590820      18.2084599     -82.6558456
      0.0044444     -15.0302734      10.3065186      18.2245293     145.5608826
      0.0050000      12.6221523       3.6230164      13.1318302      16.0154018
      0.0055556      -1.6124558      -7.7065101       7.8733926    -101.8176727
      0.0061111      -2.9574244       2.2756679       3.7316248     142.4225616
      0.0066667      -0.8967279       0.7744464       1.1848578     139.1849213
      0.0072222       4.5174670       0.2950598       4.5270929       3.7369840
      0.0077778      -5.7204161      -0.7429995       5.7684669    -172.5995331
      0.0083333       6.1261539      -0.0000000       6.1261539      -0.0000000
