      0.0000000      -0.7692533       0.0000000       0.7692533     180.0000000
      0.0005556       0.5951316       0.6260731       0.8637993      46.4513817
      0.0011111      -0.2717008      -0.1946157       0.3342105    -144.3864594
      0.0016667       0.0723292       0.0364756       0.0810060      26.7617760
      0.0022222      -0.0254277      -0.0376950       0.0454696    -124.0021973
      0.0027778       0.0228868       0.0070752       0.0239554      17.1784840
      0.0033333      -0.0061284      -0.0236965       0.0244761    -104.5002441
      0.0038889      -0.0039382       0.0088135       0.0096534     114.0767136
      0.0044444       0.0007874      -0.0111682       0.0111959     -85.9668655
      0.0050000      -0.0020526       0.0115288       0.0117100     100.0950775
      0.0055556       0.0056112      -0.0096052       0.0111241     -59.7072411
      0.0061111      -0.0033070       0.0032627       0.0046455     135.3862915
      0.0066667       0.0029148      -0.0047162       0.0055443     -58.2819939
      0.0072222      -0.0070551       0.0024432       0.0074662     160.8986816
      0.0077778       0.0073122       0.0009574       0.0073746       7.4594626
      0.0083333      -0.0054736      -0.0000000       0.0054736    -180.0000000
