      0.0000000       0.9411789       0.0000000       0.9411789       0.0000000
      0.0005556      -0.6267031       0.2307885       0.6678474     159.7833557
      0.0011111       0.0587602       0.0886619       0.1063659      56.4657745
      0.0016667       0.0952902      -0.0046736       0.0954047      -2.8078682
      0.0022222       0.0254948      -0.0596620       0.0648810     -66.8620071
      0.0027778      -0.0297931      -0.0225431       0.0373607    -142.8869019
      0.0033333      -0.0116704       0.0202801       0.0233982     119.9186783
      0.0038889       0.0199675       0.0085891       0.0217364      23.2752151
      0.0044444       0.0104755      -0.0171699       0.0201132     -58.6124191
      0.0050000      -0.0118090      -0.0101581       0.0155769    -139.2978516
      0.0055556      -0.0071609       0.0084294       0.0110604     130.3486023
      0.0061111       0.0076351       0.0047568       0.0089957      31.9237118
      0.0066667       0.0037571      -0.0071380       0.0080664     -62.2395363
      0.0072222      -0.0061859      -0.0027777       0.0067810    -155.8182983
      0.0077778      -0.0013678       0.0055650       0.0057307     103.8088074
      0.0083333       0.0054410      -0.0000000       0.0054410      -0.0000000
