      0.0000000     -21.7578850       0.0000000      21.7578850     180.0000000
      0.0005556      18.5345058      -2.0279050      18.6451149      -6.2440324
      0.0011111      -9.9934273      -2.1173811      10.2152777    -168.0372314
      0.0016667       5.1432877       8.0468788       9.5501661      57.4146843
      0.0022222      11.3843803     -20.3094845      23.2825966     -60.7274055
      0.0027778     -27.9398861      11.2658548      30.1256828     158.0398254
      0.0033333      14.9852896       2.0595810      15.1261616       7.8257127
      0.0038889      -3.0296323       3.0119472       4.2720599     135.1677094
      0.0044444       5.7165174      -5.8902211       8.2081223     -45.8574104
      0.0050000      -3.2136049      -1.0885003       3.3929470    -161.2879181
      0.0055556      -9.3065519       4.7276468      10.4385128     153.0698242
      0.0061111      11.4936466       4.0302448      12.1797695      19.3232059
      0.0066667       1.5710349      -8.5256500       8.6691904     -79.5591354
      0.0072222     -10.4094048      -1.2843721      10.4883423    -172.9660645
      0.0077778       2.9767709      10.4609041      10.8761978      74.1156845
      0.0083333       5.9320350      -0.0000000       5.9320350      -0.0000000
