      0.0000000       5.0108957       0.0000000       5.0108957       0.0000000
      0.0005556      -2.5054479      -0.1290962       2.5087717    -177.0503693
      0.0011111       0.0000000       0.0286849       0.0286849      89.9999924
      0.0016667       0.0000001       0.0071676       0.0071676      89.9993362
      0.0022222       0.0000000       0.0028629       0.0028629      89.9993591
      0.0027778       0.0000000       0.0014268       0.0014268      89.9988327
      0.0033333       0.0000002       0.0008102       0.0008102      89.9886780
      0.0038889       0.0000001       0.0005008       0.0005008      89.9938202
      0.0044444      -0.0000000       0.0003278       0.0003278      90.0044403
      0.0050000      -0.0000002       0.0002222       0.0002222      90.0412674
      0.0055556       0.0000000       0.0001538       0.0001538      89.9977264
      0.0061111       0.0000001       0.0001065       0.0001065      89.9572983
      0.0066667      -0.0000001       0.0000717       0.0000717      90.0661240
      0.0072222       0.0000000       0.0000443       0.0000443      89.9833832
      0.0077778       0.0000002       0.0000213       0.0000213      89.4498367
      0.0083333       0.0000002      -0.0000000       0.0000002      -0.0000000
