      0.0000000       7.9560614       0.0000000       7.9560614       0.0000000
      0.0005556      -3.9780307       0.8705583       4.0721741     167.6558990
      0.0011111       0.0000000      -0.1934365       0.1934365     -89.9999847
      0.0016667      -0.0000000      -0.0483350       0.0483350     -90.0000381
      0.0022222      -0.0000001      -0.0193061       0.0193061     -90.0001678
      0.0027778       0.0000001      -0.0096221       0.0096221     -89.9993134
      0.0033333       0.0000002      -0.0054637       0.0054637     -89.9981003
      0.0038889       0.0000001      -0.0033765       0.0033765     -89.9991150
      0.0044444      -0.0000000      -0.0022087       0.0022087     -90.0011826
      0.0050000      -0.0000003      -0.0014993       0.0014993     -90.0117722
      0.0055556       0.0000002      -0.0010376       0.0010376     -89.9908676
      0.0061111      -0.0000001      -0.0007179       0.0007179     -90.0077438
      0.0066667      -0.0000001      -0.0004830       0.0004830     -90.0107040
      0.0072222      -0.0000000      -0.0002985       0.0002985     -90.0060349
      0.0077778      -0.0000002      -0.0001425       0.0001425     -90.0657501
      0.0083333       0.0000002      -0.0000000       0.0000002      -0.0000000
