      0.0000000      -1.4678850       0.0000000       1.4678850     180.0000000
      0.0005556       0.7266442      -0.1701517       0.7462998     -13.1789846
      0.0011111      -0.0005161       0.0316552       0.0316594      90.9341125
      0.0016667       0.0027762       0.0056094       0.0062588      63.6682281
      0.0022222       0.0036133       0.0031650       0.0048034      41.2165070
      0.0027778       0.0021073       0.0035080       0.0040923      59.0057220
      0.0033333       0.0000137       0.0028420       0.0028420      89.7233810
      0.0038889      -0.0009571       0.0011920       0.0015287     128.7600708
      0.0044444      -0.0004964      -0.0001077       0.0005080    -167.7576904
      0.0050000       0.0003972      -0.0002410       0.0004647     -31.2473278
      0.0055556       0.0006427       0.0003750       0.0007441      30.2654476
      0.0061111       0.0001174       0.0007414       0.0007506      81.0032349
      0.0066667      -0.0004371       0.0003890       0.0005851     138.3354492
      0.0072222      -0.0003694      -0.0002357       0.0004382    -147.4614410
      0.0077778       0.0001684      -0.0004097       0.0004429     -67.6557999
      0.0083333       0.0004767      -0.0000000       0.0004767      -0.0000000
