      0.0000000     -67.7812195       0.0000000      67.7812195     180.0000000
      0.0005556      32.8746338      31.5572472      45.5697403      43.8286781
      0.0011111      18.0485706     -41.2057877      44.9851952     -66.3460693
      0.0016667     -21.1257973      14.7237854      25.7505169     145.1251373
      0.0022222      -0.9991499      -8.2227831       8.2832642     -96.9280319
      0.0027778       2.1475446      15.7514296      15.8971529      82.2361755
      0.0033333       1.4703364      -3.5245278       3.8189247     -67.3554382
      0.0038889       5.9224834      -3.1394181       6.7031155     -27.9273777
      0.0044444      -8.0516272       0.2232634       8.0547218     178.4116516
      0.0050000       6.1419668       1.4863918       6.3192654      13.6043491
      0.0055556      -1.7599699      -2.8712392       3.3677156    -121.5068436
      0.0061111      -1.5515944       3.5239770       3.8504362     113.7637100
      0.0066667      -0.1741424      -3.3934193       3.3978846     -92.9377060
      0.0072222       0.2205779       1.5256881       1.5415508      81.7734070
      0.0077778       3.3095832       1.2936696       3.5534379      21.3498306
      0.0083333      -5.1655941      -0.0000000       5.1655941    -180.0000000
