      0.0000000       0.4131116       0.0000000       0.4131116       0.0000000
      0.0005556       1.0792921      -2.7212322       2.9274521     -68.3657837
      0.0011111      -1.3323284       0.1347379       1.3391241     174.2253113
      0.0016667       0.1004673       0.5212310       0.5308252      79.0900345
      0.0022222      -0.0180821      -0.1194201       0.1207813     -98.6100616
      0.0027778      -0.0607500       0.1502620       0.1620778     112.0131912
      0.0033333       0.0646712      -0.0347907       0.0734354     -28.2785912
      0.0038889      -0.0669517       0.0305863       0.0736074     155.4470825
      0.0044444       0.0523860       0.0178009       0.0553278      18.7678909
      0.0050000      -0.0383750      -0.0196474       0.0431122    -152.8883362
      0.0055556       0.0202322       0.0378564       0.0429238      61.8778763
      0.0061111      -0.0047446      -0.0324122       0.0327576     -98.3279800
      0.0066667      -0.0099016       0.0331579       0.0346047     106.6265945
      0.0072222       0.0202516      -0.0219825       0.0298891     -47.3468246
      0.0077778      -0.0274070       0.0128393       0.0302654     154.8983307
      0.0083333       0.0293685      -0.0000000       0.0293685      -0.0000000
