      0.0000000     -13.7231779       0.0000000      13.7231779     180.0000000
      0.0005556       5.5856299       2.4390340       6.0949283      23.5890789
      0.0011111       2.0937150      -0.8483359       2.2590520     -22.0569115
      0.0016667      -1.1634899      -0.6900120       1.3527104    -149.3297729
      0.0022222       0.2888829       0.9209797       0.9652237      72.5849609
      0.0027778       0.3481649      -0.7181356       0.7980837     -64.1350632
      0.0033333      -0.6227105       0.2343774       0.6653579     159.3745117
      0.0038889       0.5431973       0.2112491       0.5828289      21.2510300
      0.0044444      -0.2297447      -0.4736516       0.5264300    -115.8756943
      0.0050000      -0.1358297       0.4600136       0.4796480     106.4504547
      0.0055556       0.3836988      -0.2339801       0.4494123     -31.3748951
      0.0061111      -0.4173481      -0.0819995       0.4253273    -168.8842621
      0.0066667       0.2440390       0.3267834       0.4078510      53.2479401
      0.0072222       0.0382730      -0.3952169       0.3970658     -84.4686890
      0.0077778      -0.2888963       0.2621001       0.3900737     137.7842102
      0.0083333       0.3880148      -0.0000000       0.3880148      -0.0000000
