      0.0000000     -73.2532196       0.0000000      73.2532196     180.0000000
      0.0005556      43.3880463      22.9610538      49.0890274      27.8878956
      0.0011111      11.0735216     -23.8598824      26.3043118     -65.1036835
      0.0016667     -29.3866291      -1.3235682      29.4164200    -177.4211426
      0.0022222      14.5666637       3.3851633      14.9548330      13.0828133
      0.0027778     -10.8548384       6.7943711      12.8058968     147.9562988
      0.0033333      11.7995949       3.0054529      12.1763372      14.2898483
      0.0038889      -4.4008870     -10.2274694      11.1341343    -113.2822342
      0.0044444       4.6738286       3.5902493       5.8936038      37.5300369
      0.0050000      -9.7626524      -2.4096024      10.0556240    -166.1354523
      0.0055556       7.1202669       6.5808024       9.6956263      42.7452049
      0.0061111      -1.6456622      -5.0804234       5.3403096    -107.9482880
      0.0066667       1.0321177       2.8089659       2.9925835      69.8247986
      0.0072222      -0.6942506      -2.4644077       2.5603299    -105.7331085
      0.0077778      -1.4785259       1.5053793       2.1100249     134.4843750
      0.0083333       2.3920326      -0.0000000       2.3920326      -0.0000000
