      0.0000000      15.1003723       0.0000000      15.1003723       0.0000000
      0.0005556      -6.9414148      -7.7285318      10.3881397    -131.9287262
      0.0011111       4.4676671      -0.4553884       4.4908161      -5.8200455
      0.0016667     -10.2149115      -4.5695615      11.1904116    -155.8990021
      0.0022222      -3.6032116      15.8050480      16.2105732     102.8427048
      0.0027778      17.5931454      -3.8876369      18.0175610     -12.4606647
      0.0033333     -10.0777578      -5.6935310      11.5748653    -150.5352783
      0.0038889       7.5268431      -4.0903959       8.5664873     -28.5214729
      0.0044444     -20.7441368       5.2241011      21.3918304     165.8648376
      0.0050000      23.5763893      11.1881084      26.0963573      25.3865433
      0.0055556      -6.6484470     -21.2875462      22.3016033    -107.3444290
      0.0061111      -5.3267756      11.5090542      12.6819897     114.8362808
      0.0066667      -1.7230762      -2.6863666       3.1914818    -122.6767197
      0.0072222       6.2150416      10.2767153      12.0098963      58.8357391
      0.0077778       7.1269073     -14.1442986      15.8383713     -63.2577667
      0.0083333     -17.5528984      -0.0000000      17.5528984    -180.0000000
